name,value,date,cover,leiji
AnHui,1,2020/1/22,0,1
AnHui,9,2020/1/23,0,9
AnHui,15,2020/1/24,0,15
AnHui,39,2020/1/25,0,39
AnHui,60,2020/1/26,0,60
AnHui,70,2020/1/27,0,70
AnHui,106,2020/1/28,0,106
AnHui,150,2020/1/29,2,152
AnHui,198,2020/1/30,2,200
AnHui,234,2020/1/31,3,237
AnHui,292,2020/2/1,5,297
AnHui,333,2020/2/2,7,340
AnHui,394,2020/2/3,14,408
AnHui,460,2020/2/4,20,480
AnHui,507,2020/2/5,23,530
AnHui,557,2020/2/6,34,591
AnHui,618,2020/2/7,47,665
AnHui,674,2020/2/8,59,733
AnHui,707,2020/2/9,72,779
AnHui,742,2020/2/10,88,830
AnHui,755,2020/2/11,105,860
AnHui,762,2020/2/12,127,889
AnHui,753,2020/2/13,157,910
AnHui,741,2020/2/14,193,934
AnHui,729,2020/2/15,221,950
AnHui,707,2020/2/16,255,962
AnHui,693,2020/2/17,280,973
AnHui,621,2020/2/18,361,982
AnHui,573,2020/2/19,413,986
AnHui,513,2020/2/20,474,987
AnHui,449,2020/2/21,539,988
AnHui,392,2020/2/22,597,989
AnHui,352,2020/2/23,637,989
AnHui,326,2020/2/24,663,989
AnHui,277,2020/2/25,712,989
AnHui,245,2020/2/26,744,989
AnHui,197,2020/2/27,792,989
AnHui,169,2020/2/28,821,990
AnHui,122,2020/2/29,868,990
AnHui,117,2020/3/1,873,990
AnHui,73,2020/3/2,917,990
AnHui,54,2020/3/3,936,990
AnHui,34,2020/3/4,956,990
AnHui,20,2020/3/5,970,990
AnHui,11,2020/3/6,979,990
AnHui,11,2020/3/7,979,990
AnHui,6,2020/3/8,984,990
AnHui,6,2020/3/9,984,990
AnHui,6,2020/3/10,984,990
AnHui,6,2020/3/11,984,990
AnHui,6,2020/3/12,984,990
AnHui,6,2020/3/13,984,990
AnHui,6,2020/3/14,984,990
AnHui,6,2020/3/15,984,990
AnHui,6,2020/3/16,984,990
AnHui,6,2020/3/17,984,990
AnHui,6,2020/3/18,984,990
AnHui,6,2020/3/19,984,990
AnHui,6,2020/3/20,984,990
AnHui,6,2020/3/21,984,990
AnHui,6,2020/3/22,984,990
AnHui,6,2020/3/23,984,990
AnHui,6,2020/3/24,984,990
AnHui,6,2020/3/25,984,990
AnHui,6,2020/3/26,984,990
AnHui,6,2020/3/27,984,990
AnHui,6,2020/3/28,984,990
AnHui,6,2020/3/29,984,990
AnHui,6,2020/3/30,984,990
AnHui,6,2020/3/31,984,990
AnHui,6,2020/4/1,984,990
AnHui,6,2020/4/2,984,990
AnHui,6,2020/4/3,984,990
AnHui,6,2020/4/4,984,990
AnHui,6,2020/4/5,984,990
AnHui,6,2020/4/6,984,990
AnHui,6,2020/4/7,984,990
AnHui,6,2020/4/8,984,990
AnHui,7,2020/4/9,984,991
AnHui,7,2020/4/10,984,991
AnHui,7,2020/4/11,984,991
AnHui,7,2020/4/12,984,991
AnHui,7,2020/4/13,984,991
AnHui,7,2020/4/14,984,991
AnHui,7,2020/4/15,984,991
AnHui,7,2020/4/16,984,991
AnHui,7,2020/4/17,984,991
AnHui,7,2020/4/18,984,991
AnHui,7,2020/4/19,984,991
AnHui,7,2020/4/20,984,991
AnHui,7,2020/4/21,984,991
BeiJing,14,2020/1/22,0,14
BeiJing,22,2020/1/23,0,22
BeiJing,35,2020/1/24,1,36
BeiJing,39,2020/1/25,2,41
BeiJing,66,2020/1/26,2,68
BeiJing,78,2020/1/27,2,80
BeiJing,87,2020/1/28,4,91
BeiJing,107,2020/1/29,4,111
BeiJing,110,2020/1/30,4,114
BeiJing,134,2020/1/31,5,139
BeiJing,159,2020/2/1,9,168
BeiJing,182,2020/2/2,9,191
BeiJing,200,2020/2/3,12,212
BeiJing,205,2020/2/4,23,228
BeiJing,229,2020/2/5,24,253
BeiJing,243,2020/2/6,31,274
BeiJing,264,2020/2/7,33,297
BeiJing,281,2020/2/8,34,315
BeiJing,289,2020/2/9,37,326
BeiJing,293,2020/2/10,44,337
BeiJing,294,2020/2/11,48,342
BeiJing,296,2020/2/12,56,352
BeiJing,297,2020/2/13,69,366
BeiJing,292,2020/2/14,80,372
BeiJing,277,2020/2/15,98,375
BeiJing,272,2020/2/16,108,380
BeiJing,267,2020/2/17,114,381
BeiJing,265,2020/2/18,122,387
BeiJing,248,2020/2/19,145,393
BeiJing,242,2020/2/20,153,395
BeiJing,227,2020/2/21,169,396
BeiJing,221,2020/2/22,178,399
BeiJing,210,2020/2/23,189,399
BeiJing,201,2020/2/24,198,399
BeiJing,185,2020/2/25,215,400
BeiJing,165,2020/2/26,235,400
BeiJing,162,2020/2/27,248,410
BeiJing,153,2020/2/28,257,410
BeiJing,140,2020/2/29,271,411
BeiJing,137,2020/3/1,276,413
BeiJing,132,2020/3/2,282,414
BeiJing,126,2020/3/3,288,414
BeiJing,121,2020/3/4,297,418
BeiJing,121,2020/3/5,297,418
BeiJing,123,2020/3/6,299,422
BeiJing,123,2020/3/7,303,426
BeiJing,120,2020/3/8,308,428
BeiJing,113,2020/3/9,315,428
BeiJing,109,2020/3/10,320,429
BeiJing,109,2020/3/11,326,435
BeiJing,101,2020/3/12,334,435
BeiJing,94,2020/3/13,342,436
BeiJing,88,2020/3/14,349,437
BeiJing,89,2020/3/15,353,442
BeiJing,92,2020/3/16,360,452
BeiJing,87,2020/3/17,369,456
BeiJing,91,2020/3/18,378,469
BeiJing,100,2020/3/19,380,480
BeiJing,101,2020/3/20,390,491
BeiJing,108,2020/3/21,396,504
BeiJing,122,2020/3/22,400,522
BeiJing,137,2020/3/23,400,537
BeiJing,157,2020/3/24,401,558
BeiJing,158,2020/3/25,403,561
BeiJing,160,2020/3/26,406,566
BeiJing,161,2020/3/27,408,569
BeiJing,163,2020/3/28,410,573
BeiJing,165,2020/3/29,412,577
BeiJing,162,2020/3/30,415,577
BeiJing,162,2020/3/31,418,580
BeiJing,162,2020/4/1,418,580
BeiJing,158,2020/4/2,424,582
BeiJing,150,2020/4/3,434,584
BeiJing,147,2020/4/4,438,585
BeiJing,145,2020/4/5,441,586
BeiJing,144,2020/4/6,443,587
BeiJing,139,2020/4/7,448,587
BeiJing,133,2020/4/8,455,588
BeiJing,124,2020/4/9,464,588
BeiJing,119,2020/4/10,469,588
BeiJing,115,2020/4/11,474,589
BeiJing,110,2020/4/12,479,589
BeiJing,105,2020/4/13,484,589
BeiJing,98,2020/4/14,491,589
BeiJing,95,2020/4/15,495,590
BeiJing,90,2020/4/16,503,593
BeiJing,84,2020/4/17,509,593
BeiJing,84,2020/4/18,509,593
BeiJing,83,2020/4/19,510,593
BeiJing,79,2020/4/20,514,593
BeiJing,77,2020/4/21,516,593
Chongqing,6,2020/1/22,0,6
Chongqing,9,2020/1/23,0,9
Chongqing,27,2020/1/24,0,27
Chongqing,57,2020/1/25,0,57
Chongqing,75,2020/1/26,0,75
Chongqing,110,2020/1/27,0,110
Chongqing,132,2020/1/28,0,132
Chongqing,146,2020/1/29,1,147
Chongqing,181,2020/1/30,1,182
Chongqing,210,2020/1/31,1,211
Chongqing,244,2020/2/1,3,247
Chongqing,293,2020/2/2,7,300
Chongqing,328,2020/2/3,9,337
Chongqing,357,2020/2/4,9,366
Chongqing,374,2020/2/5,15,389
Chongqing,387,2020/2/6,24,411
Chongqing,395,2020/2/7,31,426
Chongqing,389,2020/2/8,39,428
Chongqing,417,2020/2/9,51,468
Chongqing,420,2020/2/10,66,486
Chongqing,426,2020/2/11,79,505
Chongqing,416,2020/2/12,102,518
Chongqing,401,2020/2/13,128,529
Chongqing,385,2020/2/14,152,537
Chongqing,360,2020/2/15,184,544
Chongqing,344,2020/2/16,207,551
Chongqing,328,2020/2/17,225,553
Chongqing,301,2020/2/18,254,555
Chongqing,286,2020/2/19,274,560
Chongqing,268,2020/2/20,299,567
Chongqing,256,2020/2/21,316,572
Chongqing,245,2020/2/22,328,573
Chongqing,240,2020/2/23,335,575
Chongqing,227,2020/2/24,349,576
Chongqing,204,2020/2/25,372,576
Chongqing,192,2020/2/26,384,576
Chongqing,175,2020/2/27,401,576
Chongqing,154,2020/2/28,422,576
Chongqing,138,2020/2/29,438,576
Chongqing,126,2020/3/1,450,576
Chongqing,107,2020/3/2,469,576
Chongqing,86,2020/3/3,490,576
Chongqing,74,2020/3/4,502,576
Chongqing,64,2020/3/5,512,576
Chongqing,63,2020/3/6,513,576
Chongqing,50,2020/3/7,526,576
Chongqing,49,2020/3/8,527,576
Chongqing,34,2020/3/9,542,576
Chongqing,29,2020/3/10,547,576
Chongqing,22,2020/3/11,554,576
Chongqing,12,2020/3/12,564,576
Chongqing,10,2020/3/13,566,576
Chongqing,7,2020/3/14,569,576
Chongqing,6,2020/3/15,570,576
Chongqing,6,2020/3/16,570,576
Chongqing,6,2020/3/17,570,576
Chongqing,6,2020/3/18,570,576
Chongqing,6,2020/3/19,570,576
Chongqing,6,2020/3/20,570,576
Chongqing,6,2020/3/21,570,576
Chongqing,7,2020/3/22,570,577
Chongqing,8,2020/3/23,570,578
Chongqing,8,2020/3/24,570,578
Chongqing,8,2020/3/25,570,578
Chongqing,8,2020/3/26,570,578
Chongqing,8,2020/3/27,570,578
Chongqing,8,2020/3/28,570,578
Chongqing,9,2020/3/29,570,579
Chongqing,9,2020/3/30,570,579
Chongqing,9,2020/3/31,570,579
Chongqing,9,2020/4/1,570,579
Chongqing,9,2020/4/2,570,579
Chongqing,9,2020/4/3,570,579
Chongqing,9,2020/4/4,570,579
Chongqing,9,2020/4/5,570,579
Chongqing,9,2020/4/6,570,579
Chongqing,9,2020/4/7,570,579
Chongqing,9,2020/4/8,570,579
Chongqing,9,2020/4/9,570,579
Chongqing,9,2020/4/10,570,579
Chongqing,9,2020/4/11,570,579
Chongqing,9,2020/4/12,570,579
Chongqing,9,2020/4/13,570,579
Chongqing,9,2020/4/14,570,579
Chongqing,9,2020/4/15,570,579
Chongqing,9,2020/4/16,570,579
Chongqing,9,2020/4/17,570,579
Chongqing,9,2020/4/18,570,579
Chongqing,9,2020/4/19,570,579
Chongqing,9,2020/4/20,570,579
Chongqing,9,2020/4/21,570,579
Fujian,1,2020/1/22,0,1
Fujian,5,2020/1/23,0,5
Fujian,10,2020/1/24,0,10
Fujian,18,2020/1/25,0,18
Fujian,35,2020/1/26,0,35
Fujian,59,2020/1/27,0,59
Fujian,80,2020/1/28,0,80
Fujian,84,2020/1/29,0,84
Fujian,101,2020/1/30,0,101
Fujian,120,2020/1/31,0,120
Fujian,144,2020/2/1,0,144
Fujian,159,2020/2/2,0,159
Fujian,178,2020/2/3,1,179
Fujian,191,2020/2/4,3,194
Fujian,194,2020/2/5,11,205
Fujian,201,2020/2/6,14,215
Fujian,204,2020/2/7,20,224
Fujian,215,2020/2/8,24,239
Fujian,215,2020/2/9,35,250
Fujian,222,2020/2/10,39,261
Fujian,222,2020/2/11,45,267
Fujian,219,2020/2/12,53,272
Fujian,222,2020/2/13,57,279
Fujian,218,2020/2/14,63,281
Fujian,214,2020/2/15,71,285
Fujian,205,2020/2/16,82,287
Fujian,200,2020/2/17,90,290
Fujian,199,2020/2/18,93,292
Fujian,181,2020/2/19,112,293
Fujian,167,2020/2/20,126,293
Fujian,144,2020/2/21,149,293
Fujian,131,2020/2/22,162,293
Fujian,123,2020/2/23,170,293
Fujian,110,2020/2/24,183,293
Fujian,95,2020/2/25,199,294
Fujian,76,2020/2/26,218,294
Fujian,68,2020/2/27,228,296
Fujian,61,2020/2/28,235,296
Fujian,53,2020/2/29,243,296
Fujian,49,2020/3/1,247,296
Fujian,41,2020/3/2,255,296
Fujian,36,2020/3/3,260,296
Fujian,26,2020/3/4,270,296
Fujian,19,2020/3/5,277,296
Fujian,12,2020/3/6,284,296
Fujian,1,2020/3/7,295,296
Fujian,1,2020/3/8,295,296
Fujian,1,2020/3/9,295,296
Fujian,1,2020/3/10,295,296
Fujian,1,2020/3/11,295,296
Fujian,1,2020/3/12,295,296
Fujian,1,2020/3/13,295,296
Fujian,1,2020/3/14,295,296
Fujian,1,2020/3/15,295,296
Fujian,1,2020/3/16,295,296
Fujian,1,2020/3/17,295,296
Fujian,1,2020/3/18,295,296
Fujian,1,2020/3/19,295,296
Fujian,4,2020/3/20,295,299
Fujian,8,2020/3/21,295,303
Fujian,18,2020/3/22,295,313
Fujian,18,2020/3/23,295,313
Fujian,23,2020/3/24,295,318
Fujian,27,2020/3/25,295,322
Fujian,33,2020/3/26,295,328
Fujian,36,2020/3/27,295,331
Fujian,42,2020/3/28,295,337
Fujian,43,2020/3/29,295,338
Fujian,45,2020/3/30,295,340
Fujian,48,2020/3/31,295,343
Fujian,47,2020/4/1,298,345
Fujian,46,2020/4/2,299,345
Fujian,49,2020/4/3,300,349
Fujian,49,2020/4/4,301,350
Fujian,47,2020/4/5,303,350
Fujian,45,2020/4/6,305,350
Fujian,46,2020/4/7,305,351
Fujian,43,2020/4/8,308,351
Fujian,43,2020/4/9,308,351
Fujian,40,2020/4/10,311,351
Fujian,34,2020/4/11,317,351
Fujian,31,2020/4/12,321,352
Fujian,27,2020/4/13,325,352
Fujian,24,2020/4/14,329,353
Fujian,22,2020/4/15,331,353
Fujian,20,2020/4/16,333,353
Fujian,20,2020/4/17,334,354
Fujian,19,2020/4/18,336,355
Fujian,16,2020/4/19,339,355
Fujian,16,2020/4/20,339,355
Fujian,14,2020/4/21,341,355
Gansu,0,2020/1/22,0,0
Gansu,2,2020/1/23,0,2
Gansu,2,2020/1/24,0,2
Gansu,4,2020/1/25,0,4
Gansu,7,2020/1/26,0,7
Gansu,14,2020/1/27,0,14
Gansu,19,2020/1/28,0,19
Gansu,24,2020/1/29,0,24
Gansu,26,2020/1/30,0,26
Gansu,29,2020/1/31,0,29
Gansu,40,2020/2/1,0,40
Gansu,48,2020/2/2,3,51
Gansu,52,2020/2/3,3,55
Gansu,53,2020/2/4,4,57
Gansu,56,2020/2/5,6,62
Gansu,56,2020/2/6,6,62
Gansu,58,2020/2/7,9,67
Gansu,67,2020/2/8,12,79
Gansu,67,2020/2/9,16,83
Gansu,66,2020/2/10,17,83
Gansu,62,2020/2/11,24,86
Gansu,56,2020/2/12,31,87
Gansu,51,2020/2/13,39,90
Gansu,51,2020/2/14,39,90
Gansu,41,2020/2/15,49,90
Gansu,36,2020/2/16,54,90
Gansu,33,2020/2/17,58,91
Gansu,29,2020/2/18,62,91
Gansu,26,2020/2/19,65,91
Gansu,20,2020/2/20,71,91
Gansu,15,2020/2/21,76,91
Gansu,15,2020/2/22,76,91
Gansu,13,2020/2/23,78,91
Gansu,11,2020/2/24,80,91
Gansu,11,2020/2/25,80,91
Gansu,10,2020/2/26,81,91
Gansu,10,2020/2/27,81,91
Gansu,9,2020/2/28,82,91
Gansu,9,2020/2/29,82,91
Gansu,7,2020/3/1,84,91
Gansu,6,2020/3/2,85,91
Gansu,5,2020/3/3,86,91
Gansu,4,2020/3/4,87,91
Gansu,15,2020/3/5,87,102
Gansu,32,2020/3/6,87,119
Gansu,33,2020/3/7,87,120
Gansu,37,2020/3/8,87,124
Gansu,36,2020/3/9,88,124
Gansu,37,2020/3/10,88,125
Gansu,39,2020/3/11,88,127
Gansu,39,2020/3/12,88,127
Gansu,39,2020/3/13,88,127
Gansu,40,2020/3/14,89,129
Gansu,42,2020/3/15,91,133
Gansu,42,2020/3/16,91,133
Gansu,42,2020/3/17,91,133
Gansu,42,2020/3/18,91,133
Gansu,43,2020/3/19,91,134
Gansu,36,2020/3/20,98,134
Gansu,21,2020/3/21,113,134
Gansu,22,2020/3/22,114,136
Gansu,22,2020/3/23,114,136
Gansu,17,2020/3/24,119,136
Gansu,17,2020/3/25,119,136
Gansu,15,2020/3/26,121,136
Gansu,13,2020/3/27,123,136
Gansu,11,2020/3/28,125,136
Gansu,13,2020/3/29,125,138
Gansu,13,2020/3/30,125,138
Gansu,13,2020/3/31,125,138
Gansu,11,2020/4/1,127,138
Gansu,11,2020/4/2,127,138
Gansu,11,2020/4/3,127,138
Gansu,7,2020/4/4,131,138
Gansu,7,2020/4/5,131,138
Gansu,7,2020/4/6,132,139
Gansu,7,2020/4/7,132,139
Gansu,6,2020/4/8,133,139
Gansu,4,2020/4/9,135,139
Gansu,4,2020/4/10,135,139
Gansu,4,2020/4/11,135,139
Gansu,4,2020/4/12,135,139
Gansu,4,2020/4/13,135,139
Gansu,3,2020/4/14,136,139
Gansu,3,2020/4/15,136,139
Gansu,2,2020/4/16,137,139
Gansu,2,2020/4/17,137,139
Gansu,2,2020/4/18,137,139
Gansu,2,2020/4/19,137,139
Gansu,2,2020/4/20,137,139
Gansu,2,2020/4/21,137,139
Guangdong,26,2020/1/22,0,26
Guangdong,30,2020/1/23,2,32
Guangdong,51,2020/1/24,2,53
Guangdong,76,2020/1/25,2,78
Guangdong,109,2020/1/26,2,111
Guangdong,147,2020/1/27,4,151
Guangdong,203,2020/1/28,4,207
Guangdong,272,2020/1/29,5,277
Guangdong,344,2020/1/30,10,354
Guangdong,425,2020/1/31,11,436
Guangdong,521,2020/2/1,14,535
Guangdong,617,2020/2/2,15,632
Guangdong,704,2020/2/3,21,725
Guangdong,783,2020/2/4,30,813
Guangdong,846,2020/2/5,49,895
Guangdong,901,2020/2/6,69,970
Guangdong,946,2020/2/7,88,1034
Guangdong,983,2020/2/8,112,1095
Guangdong,990,2020/2/9,141,1131
Guangdong,992,2020/2/10,167,1159
Guangdong,965,2020/2/11,212,1177
Guangdong,944,2020/2/12,275,1219
Guangdong,927,2020/2/13,314,1241
Guangdong,899,2020/2/14,362,1261
Guangdong,884,2020/2/15,410,1294
Guangdong,851,2020/2/16,465,1316
Guangdong,798,2020/2/17,524,1322
Guangdong,763,2020/2/18,565,1328
Guangdong,725,2020/2/19,606,1331
Guangdong,690,2020/2/20,642,1332
Guangdong,643,2020/2/21,690,1333
Guangdong,611,2020/2/22,728,1339
Guangdong,587,2020/2/23,755,1342
Guangdong,559,2020/2/24,786,1345
Guangdong,525,2020/2/25,822,1347
Guangdong,496,2020/2/26,851,1347
Guangdong,457,2020/2/27,890,1347
Guangdong,413,2020/2/28,935,1348
Guangdong,366,2020/2/29,983,1349
Guangdong,333,2020/3/1,1016,1349
Guangdong,291,2020/3/2,1059,1350
Guangdong,249,2020/3/3,1101,1350
Guangdong,217,2020/3/4,1133,1350
Guangdong,170,2020/3/5,1181,1351
Guangdong,136,2020/3/6,1216,1352
Guangdong,115,2020/3/7,1237,1352
Guangdong,96,2020/3/8,1256,1352
Guangdong,92,2020/3/9,1260,1352
Guangdong,79,2020/3/10,1274,1353
Guangdong,74,2020/3/11,1282,1356
Guangdong,67,2020/3/12,1289,1356
Guangdong,60,2020/3/13,1296,1356
Guangdong,57,2020/3/14,1299,1356
Guangdong,56,2020/3/15,1304,1360
Guangdong,55,2020/3/16,1306,1361
Guangdong,57,2020/3/17,1307,1364
Guangdong,57,2020/3/18,1313,1370
Guangdong,60,2020/3/19,1318,1378
Guangdong,72,2020/3/20,1323,1395
Guangdong,75,2020/3/21,1325,1400
Guangdong,84,2020/3/22,1329,1413
Guangdong,83,2020/3/23,1332,1415
Guangdong,95,2020/3/24,1333,1428
Guangdong,97,2020/3/25,1336,1433
Guangdong,112,2020/3/26,1336,1448
Guangdong,119,2020/3/27,1337,1456
Guangdong,126,2020/3/28,1341,1467
Guangdong,126,2020/3/29,1349,1475
Guangdong,133,2020/3/30,1351,1484
Guangdong,138,2020/3/31,1356,1494
Guangdong,144,2020/4/1,1357,1501
Guangdong,142,2020/4/2,1365,1507
Guangdong,146,2020/4/3,1368,1514
Guangdong,138,2020/4/4,1378,1516
Guangdong,137,2020/4/5,1387,1524
Guangdong,137,2020/4/6,1395,1532
Guangdong,132,2020/4/7,1401,1533
Guangdong,125,2020/4/8,1411,1536
Guangdong,116,2020/4/9,1423,1539
Guangdong,110,2020/4/10,1434,1544
Guangdong,111,2020/4/11,1437,1548
Guangdong,109,2020/4/12,1443,1552
Guangdong,101,2020/4/13,1454,1555
Guangdong,106,2020/4/14,1458,1564
Guangdong,104,2020/4/15,1462,1566
Guangdong,100,2020/4/16,1471,1571
Guangdong,102,2020/4/17,1475,1577
Guangdong,97,2020/4/18,1482,1579
Guangdong,90,2020/4/19,1490,1580
Guangdong,87,2020/4/20,1494,1581
Guangdong,81,2020/4/21,1501,1582
Guangxi,2,2020/1/22,0,2
Guangxi,5,2020/1/23,0,5
Guangxi,23,2020/1/24,0,23
Guangxi,23,2020/1/25,0,23
Guangxi,36,2020/1/26,0,36
Guangxi,46,2020/1/27,0,46
Guangxi,49,2020/1/28,2,51
Guangxi,56,2020/1/29,2,58
Guangxi,76,2020/1/30,2,78
Guangxi,85,2020/1/31,2,87
Guangxi,98,2020/2/1,2,100
Guangxi,109,2020/2/2,2,111
Guangxi,120,2020/2/3,7,127
Guangxi,129,2020/2/4,10,139
Guangxi,137,2020/2/5,13,150
Guangxi,154,2020/2/6,14,168
Guangxi,155,2020/2/7,17,172
Guangxi,166,2020/2/8,17,183
Guangxi,177,2020/2/9,18,195
Guangxi,186,2020/2/10,24,210
Guangxi,182,2020/2/11,33,215
Guangxi,190,2020/2/12,32,222
Guangxi,189,2020/2/13,33,222
Guangxi,190,2020/2/14,36,226
Guangxi,191,2020/2/15,44,235
Guangxi,188,2020/2/16,49,237
Guangxi,185,2020/2/17,53,238
Guangxi,173,2020/2/18,69,242
Guangxi,158,2020/2/19,86,244
Guangxi,155,2020/2/20,90,245
Guangxi,149,2020/2/21,97,246
Guangxi,145,2020/2/22,104,249
Guangxi,143,2020/2/23,106,249
Guangxi,139,2020/2/24,112,251
Guangxi,118,2020/2/25,134,252
Guangxi,105,2020/2/26,147,252
Guangxi,91,2020/2/27,161,252
Guangxi,84,2020/2/28,168,252
Guangxi,76,2020/2/29,176,252
Guangxi,71,2020/3/1,181,252
Guangxi,60,2020/3/2,192,252
Guangxi,50,2020/3/3,202,252
Guangxi,42,2020/3/4,210,252
Guangxi,38,2020/3/5,214,252
Guangxi,35,2020/3/6,217,252
Guangxi,34,2020/3/7,218,252
Guangxi,29,2020/3/8,223,252
Guangxi,22,2020/3/9,230,252
Guangxi,18,2020/3/10,234,252
Guangxi,14,2020/3/11,238,252
Guangxi,11,2020/3/12,241,252
Guangxi,9,2020/3/13,243,252
Guangxi,9,2020/3/14,243,252
Guangxi,9,2020/3/15,243,252
Guangxi,4,2020/3/16,248,252
Guangxi,5,2020/3/17,248,253
Guangxi,3,2020/3/18,250,253
Guangxi,3,2020/3/19,250,253
Guangxi,4,2020/3/20,250,254
Guangxi,4,2020/3/21,250,254
Guangxi,4,2020/3/22,250,254
Guangxi,4,2020/3/23,250,254
Guangxi,4,2020/3/24,250,254
Guangxi,4,2020/3/25,250,254
Guangxi,4,2020/3/26,250,254
Guangxi,4,2020/3/27,250,254
Guangxi,4,2020/3/28,250,254
Guangxi,4,2020/3/29,250,254
Guangxi,4,2020/3/30,250,254
Guangxi,4,2020/3/31,250,254
Guangxi,4,2020/4/1,250,254
Guangxi,2,2020/4/2,252,254
Guangxi,2,2020/4/3,252,254
Guangxi,2,2020/4/4,252,254
Guangxi,2,2020/4/5,252,254
Guangxi,2,2020/4/6,252,254
Guangxi,2,2020/4/7,252,254
Guangxi,2,2020/4/8,252,254
Guangxi,2,2020/4/9,252,254
Guangxi,2,2020/4/10,252,254
Guangxi,2,2020/4/11,252,254
Guangxi,2,2020/4/12,252,254
Guangxi,2,2020/4/13,252,254
Guangxi,2,2020/4/14,252,254
Guangxi,2,2020/4/15,252,254
Guangxi,2,2020/4/16,252,254
Guangxi,2,2020/4/17,252,254
Guangxi,2,2020/4/18,252,254
Guangxi,2,2020/4/19,252,254
Guangxi,2,2020/4/20,252,254
Guangxi,2,2020/4/21,252,254
Guizhou,1,2020/1/22,0,1
Guizhou,3,2020/1/23,0,3
Guizhou,3,2020/1/24,0,3
Guizhou,4,2020/1/25,0,4
Guizhou,5,2020/1/26,0,5
Guizhou,7,2020/1/27,0,7
Guizhou,9,2020/1/28,0,9
Guizhou,8,2020/1/29,1,9
Guizhou,11,2020/1/30,1,12
Guizhou,27,2020/1/31,2,29
Guizhou,27,2020/2/1,2,29
Guizhou,36,2020/2/2,2,38
Guizhou,44,2020/2/3,2,46
Guizhou,56,2020/2/4,2,58
Guizhou,55,2020/2/5,9,64
Guizhou,65,2020/2/6,6,71
Guizhou,75,2020/2/7,6,81
Guizhou,82,2020/2/8,7,89
Guizhou,92,2020/2/9,7,99
Guizhou,99,2020/2/10,10,109
Guizhou,110,2020/2/11,17,127
Guizhou,115,2020/2/12,18,133
Guizhou,108,2020/2/13,27,135
Guizhou,112,2020/2/14,28,140
Guizhou,102,2020/2/15,41,143
Guizhou,98,2020/2/16,46,144
Guizhou,89,2020/2/17,57,146
Guizhou,80,2020/2/18,66,146
Guizhou,76,2020/2/19,70,146
Guizhou,74,2020/2/20,72,146
Guizhou,69,2020/2/21,77,146
Guizhou,56,2020/2/22,90,146
Guizhou,44,2020/2/23,102,146
Guizhou,44,2020/2/24,102,146
Guizhou,42,2020/2/25,104,146
Guizhou,42,2020/2/26,104,146
Guizhou,34,2020/2/27,112,146
Guizhou,34,2020/2/28,112,146
Guizhou,34,2020/2/29,112,146
Guizhou,34,2020/3/1,112,146
Guizhou,32,2020/3/2,114,146
Guizhou,32,2020/3/3,114,146
Guizhou,32,2020/3/4,114,146
Guizhou,32,2020/3/5,114,146
Guizhou,32,2020/3/6,114,146
Guizhou,31,2020/3/7,115,146
Guizhou,29,2020/3/8,117,146
Guizhou,23,2020/3/9,123,146
Guizhou,17,2020/3/10,129,146
Guizhou,13,2020/3/11,133,146
Guizhou,9,2020/3/12,137,146
Guizhou,6,2020/3/13,140,146
Guizhou,3,2020/3/14,143,146
Guizhou,3,2020/3/15,143,146
Guizhou,2,2020/3/16,144,146
Guizhou,3,2020/3/17,144,147
Guizhou,2,2020/3/18,144,146
Guizhou,2,2020/3/19,144,146
Guizhou,2,2020/3/20,144,146
Guizhou,2,2020/3/21,144,146
Guizhou,2,2020/3/22,144,146
Guizhou,2,2020/3/23,144,146
Guizhou,2,2020/3/24,144,146
Guizhou,2,2020/3/25,144,146
Guizhou,2,2020/3/26,144,146
Guizhou,2,2020/3/27,144,146
Guizhou,2,2020/3/28,144,146
Guizhou,2,2020/3/29,144,146
Guizhou,2,2020/3/30,144,146
Guizhou,2,2020/3/31,144,146
Guizhou,2,2020/4/1,144,146
Guizhou,2,2020/4/2,144,146
Guizhou,2,2020/4/3,144,146
Guizhou,2,2020/4/4,144,146
Guizhou,2,2020/4/5,144,146
Guizhou,2,2020/4/6,144,146
Guizhou,2,2020/4/7,144,146
Guizhou,2,2020/4/8,144,146
Guizhou,2,2020/4/9,144,146
Guizhou,2,2020/4/10,144,146
Guizhou,2,2020/4/11,144,146
Guizhou,2,2020/4/12,144,146
Guizhou,2,2020/4/13,144,146
Guizhou,2,2020/4/14,144,146
Guizhou,2,2020/4/15,144,146
Guizhou,2,2020/4/16,144,146
Guizhou,2,2020/4/17,144,146
Guizhou,2,2020/4/18,144,146
Guizhou,2,2020/4/19,145,147
Guizhou,2,2020/4/20,145,147
Guizhou,2,2020/4/21,145,147
Hainan,4,2020/1/22,0,4
Hainan,5,2020/1/23,0,5
Hainan,8,2020/1/24,0,8
Hainan,19,2020/1/25,0,19
Hainan,22,2020/1/26,0,22
Hainan,33,2020/1/27,0,33
Hainan,40,2020/1/28,0,40
Hainan,43,2020/1/29,0,43
Hainan,45,2020/1/30,1,46
Hainan,51,2020/1/31,1,52
Hainan,61,2020/2/1,1,62
Hainan,60,2020/2/2,4,64
Hainan,68,2020/2/3,4,72
Hainan,75,2020/2/4,5,80
Hainan,94,2020/2/5,5,99
Hainan,98,2020/2/6,8,106
Hainan,107,2020/2/7,10,117
Hainan,110,2020/2/8,14,124
Hainan,112,2020/2/9,19,131
Hainan,119,2020/2/10,19,138
Hainan,124,2020/2/11,20,144
Hainan,130,2020/2/12,27,157
Hainan,127,2020/2/13,30,157
Hainan,116,2020/2/14,43,159
Hainan,123,2020/2/15,39,162
Hainan,110,2020/2/16,52,162
Hainan,104,2020/2/17,59,163
Hainan,84,2020/2/18,79,163
Hainan,84,2020/2/19,84,168
Hainan,82,2020/2/20,86,168
Hainan,73,2020/2/21,95,168
Hainan,64,2020/2/22,104,168
Hainan,62,2020/2/23,106,168
Hainan,52,2020/2/24,116,168
Hainan,44,2020/2/25,124,168
Hainan,39,2020/2/26,129,168
Hainan,37,2020/2/27,131,168
Hainan,35,2020/2/28,133,168
Hainan,20,2020/2/29,148,168
Hainan,19,2020/3/1,149,168
Hainan,17,2020/3/2,151,168
Hainan,13,2020/3/3,155,168
Hainan,10,2020/3/4,158,168
Hainan,10,2020/3/5,158,168
Hainan,10,2020/3/6,158,168
Hainan,10,2020/3/7,158,168
Hainan,9,2020/3/8,159,168
Hainan,9,2020/3/9,159,168
Hainan,9,2020/3/10,159,168
Hainan,9,2020/3/11,159,168
Hainan,8,2020/3/12,160,168
Hainan,8,2020/3/13,160,168
Hainan,8,2020/3/14,160,168
Hainan,8,2020/3/15,160,168
Hainan,7,2020/3/16,161,168
Hainan,7,2020/3/17,161,168
Hainan,7,2020/3/18,161,168
Hainan,7,2020/3/19,161,168
Hainan,7,2020/3/20,161,168
Hainan,7,2020/3/21,161,168
Hainan,7,2020/3/22,161,168
Hainan,7,2020/3/23,161,168
Hainan,0,2020/3/24,168,168
Hainan,0,2020/3/25,168,168
Hainan,0,2020/3/26,168,168
Hainan,0,2020/3/27,168,168
Hainan,0,2020/3/28,168,168
Hainan,0,2020/3/29,168,168
Hainan,0,2020/3/30,168,168
Hainan,0,2020/3/31,168,168
Hainan,0,2020/4/1,168,168
Hainan,6,2020/4/2,162,168
Hainan,6,2020/4/3,162,168
Hainan,6,2020/4/4,162,168
Hainan,6,2020/4/5,162,168
Hainan,6,2020/4/6,162,168
Hainan,6,2020/4/7,162,168
Hainan,6,2020/4/8,162,168
Hainan,6,2020/4/9,162,168
Hainan,6,2020/4/10,162,168
Hainan,6,2020/4/11,162,168
Hainan,6,2020/4/12,162,168
Hainan,6,2020/4/13,162,168
Hainan,6,2020/4/14,162,168
Hainan,6,2020/4/15,162,168
Hainan,6,2020/4/16,162,168
Hainan,6,2020/4/17,162,168
Hainan,6,2020/4/18,162,168
Hainan,6,2020/4/19,162,168
Hainan,6,2020/4/20,162,168
Hainan,6,2020/4/21,162,168
Hebei,1,2020/1/22,0,1
Hebei,1,2020/1/23,0,1
Hebei,2,2020/1/24,0,2
Hebei,8,2020/1/25,0,8
Hebei,13,2020/1/26,0,13
Hebei,18,2020/1/27,0,18
Hebei,33,2020/1/28,0,33
Hebei,48,2020/1/29,0,48
Hebei,65,2020/1/30,0,65
Hebei,82,2020/1/31,0,82
Hebei,96,2020/2/1,0,96
Hebei,101,2020/2/2,3,104
Hebei,110,2020/2/3,3,113
Hebei,122,2020/2/4,4,126
Hebei,129,2020/2/5,6,135
Hebei,144,2020/2/6,13,157
Hebei,150,2020/2/7,22,172
Hebei,165,2020/2/8,30,195
Hebei,172,2020/2/9,34,206
Hebei,177,2020/2/10,41,218
Hebei,191,2020/2/11,48,239
Hebei,197,2020/2/12,54,251
Hebei,197,2020/2/13,68,265
Hebei,196,2020/2/14,87,283
Hebei,190,2020/2/15,101,291
Hebei,195,2020/2/16,105,300
Hebei,179,2020/2/17,122,301
Hebei,170,2020/2/18,136,306
Hebei,154,2020/2/19,152,306
Hebei,138,2020/2/20,169,307
Hebei,124,2020/2/21,184,308
Hebei,106,2020/2/22,203,309
Hebei,92,2020/2/23,219,311
Hebei,77,2020/2/24,234,311
Hebei,63,2020/2/25,248,311
Hebei,51,2020/2/26,261,312
Hebei,43,2020/2/27,274,317
Hebei,41,2020/2/28,277,318
Hebei,36,2020/2/29,282,318
Hebei,24,2020/3/1,294,318
Hebei,22,2020/3/2,296,318
Hebei,18,2020/3/3,300,318
Hebei,17,2020/3/4,301,318
Hebei,14,2020/3/5,304,318
Hebei,13,2020/3/6,305,318
Hebei,11,2020/3/7,307,318
Hebei,11,2020/3/8,307,318
Hebei,11,2020/3/9,307,318
Hebei,11,2020/3/10,307,318
Hebei,11,2020/3/11,307,318
Hebei,10,2020/3/12,308,318
Hebei,8,2020/3/13,310,318
Hebei,8,2020/3/14,310,318
Hebei,8,2020/3/15,310,318
Hebei,8,2020/3/16,310,318
Hebei,8,2020/3/17,310,318
Hebei,8,2020/3/18,310,318
Hebei,8,2020/3/19,310,318
Hebei,8,2020/3/20,310,318
Hebei,8,2020/3/21,310,318
Hebei,9,2020/3/22,310,319
Hebei,9,2020/3/23,310,319
Hebei,9,2020/3/24,310,319
Hebei,9,2020/3/25,310,319
Hebei,9,2020/3/26,310,319
Hebei,9,2020/3/27,310,319
Hebei,9,2020/3/28,310,319
Hebei,9,2020/3/29,310,319
Hebei,11,2020/3/30,310,321
Hebei,11,2020/3/31,310,321
Hebei,13,2020/4/1,310,323
Hebei,15,2020/4/2,310,325
Hebei,16,2020/4/3,310,326
Hebei,16,2020/4/4,310,326
Hebei,17,2020/4/5,310,327
Hebei,17,2020/4/6,310,327
Hebei,15,2020/4/7,312,327
Hebei,15,2020/4/8,312,327
Hebei,14,2020/4/9,313,327
Hebei,14,2020/4/10,313,327
Hebei,14,2020/4/11,313,327
Hebei,14,2020/4/12,313,327
Hebei,14,2020/4/13,313,327
Hebei,13,2020/4/14,314,327
Hebei,13,2020/4/15,314,327
Hebei,13,2020/4/16,315,328
Hebei,12,2020/4/17,316,328
Hebei,12,2020/4/18,316,328
Hebei,12,2020/4/19,316,328
Hebei,11,2020/4/20,317,328
Hebei,11,2020/4/21,317,328
Heilongjiang,0,2020/1/22,0,0
Heilongjiang,2,2020/1/23,0,2
Heilongjiang,4,2020/1/24,0,4
Heilongjiang,9,2020/1/25,0,9
Heilongjiang,15,2020/1/26,0,15
Heilongjiang,21,2020/1/27,0,21
Heilongjiang,33,2020/1/28,0,33
Heilongjiang,38,2020/1/29,0,38
Heilongjiang,44,2020/1/30,0,44
Heilongjiang,59,2020/1/31,0,59
Heilongjiang,78,2020/2/1,2,80
Heilongjiang,93,2020/2/2,2,95
Heilongjiang,119,2020/2/3,2,121
Heilongjiang,151,2020/2/4,4,155
Heilongjiang,183,2020/2/5,7,190
Heilongjiang,219,2020/2/6,8,227
Heilongjiang,265,2020/2/7,12,277
Heilongjiang,282,2020/2/8,13,295
Heilongjiang,293,2020/2/9,14,307
Heilongjiang,301,2020/2/10,30,331
Heilongjiang,332,2020/2/11,28,360
Heilongjiang,347,2020/2/12,31,378
Heilongjiang,362,2020/2/13,33,395
Heilongjiang,372,2020/2/14,47,419
Heilongjiang,357,2020/2/15,68,425
Heilongjiang,366,2020/2/16,79,445
Heilongjiang,372,2020/2/17,85,457
Heilongjiang,353,2020/2/18,111,464
Heilongjiang,350,2020/2/19,120,470
Heilongjiang,340,2020/2/20,136,476
Heilongjiang,304,2020/2/21,175,479
Heilongjiang,275,2020/2/22,204,479
Heilongjiang,258,2020/2/23,222,480
Heilongjiang,253,2020/2/24,227,480
Heilongjiang,237,2020/2/25,243,480
Heilongjiang,231,2020/2/26,249,480
Heilongjiang,210,2020/2/27,270,480
Heilongjiang,197,2020/2/28,283,480
Heilongjiang,179,2020/2/29,301,480
Heilongjiang,138,2020/3/1,342,480
Heilongjiang,124,2020/3/2,356,480
Heilongjiang,114,2020/3/3,366,480
Heilongjiang,107,2020/3/4,373,480
Heilongjiang,102,2020/3/5,379,481
Heilongjiang,85,2020/3/6,396,481
Heilongjiang,78,2020/3/7,403,481
Heilongjiang,69,2020/3/8,412,481
Heilongjiang,51,2020/3/9,430,481
Heilongjiang,47,2020/3/10,434,481
Heilongjiang,46,2020/3/11,436,482
Heilongjiang,41,2020/3/12,441,482
Heilongjiang,36,2020/3/13,446,482
Heilongjiang,35,2020/3/14,447,482
Heilongjiang,29,2020/3/15,453,482
Heilongjiang,27,2020/3/16,455,482
Heilongjiang,26,2020/3/17,456,482
Heilongjiang,23,2020/3/18,459,482
Heilongjiang,23,2020/3/19,460,483
Heilongjiang,21,2020/3/20,463,484
Heilongjiang,21,2020/3/21,463,484
Heilongjiang,18,2020/3/22,466,484
Heilongjiang,19,2020/3/23,465,484
Heilongjiang,16,2020/3/24,468,484
Heilongjiang,16,2020/3/25,468,484
Heilongjiang,15,2020/3/26,469,484
Heilongjiang,15,2020/3/27,469,484
Heilongjiang,15,2020/3/28,469,484
Heilongjiang,15,2020/3/29,469,484
Heilongjiang,15,2020/3/30,469,484
Heilongjiang,15,2020/3/31,469,484
Heilongjiang,15,2020/4/1,469,484
Heilongjiang,19,2020/4/2,469,488
Heilongjiang,20,2020/4/3,469,489
Heilongjiang,22,2020/4/4,469,491
Heilongjiang,35,2020/4/5,469,504
Heilongjiang,55,2020/4/6,469,524
Heilongjiang,75,2020/4/7,469,544
Heilongjiang,99,2020/4/8,470,569
Heilongjiang,139,2020/4/9,470,609
Heilongjiang,168,2020/4/10,470,638
Heilongjiang,191,2020/4/11,470,661
Heilongjiang,214,2020/4/12,470,684
Heilongjiang,270,2020/4/13,470,740
Heilongjiang,349,2020/4/14,470,819
Heilongjiang,371,2020/4/15,470,841
Heilongjiang,390,2020/4/16,471,861
Heilongjiang,401,2020/4/17,471,872
Heilongjiang,420,2020/4/18,472,892
Heilongjiang,426,2020/4/19,472,898
Heilongjiang,433,2020/4/20,472,905
Heilongjiang,438,2020/4/21,475,913
Henan,5,2020/1/22,0,5
Henan,5,2020/1/23,0,5
Henan,9,2020/1/24,0,9
Henan,32,2020/1/25,0,32
Henan,83,2020/1/26,0,83
Henan,128,2020/1/27,0,128
Henan,168,2020/1/28,0,168
Henan,205,2020/1/29,1,206
Henan,276,2020/1/30,2,278
Henan,349,2020/1/31,3,352
Henan,419,2020/2/1,3,422
Henan,483,2020/2/2,10,493
Henan,550,2020/2/3,16,566
Henan,648,2020/2/4,27,675
Henan,717,2020/2/5,47,764
Henan,795,2020/2/6,56,851
Henan,828,2020/2/7,86,914
Henan,865,2020/2/8,116,981
Henan,880,2020/2/9,153,1033
Henan,882,2020/2/10,191,1073
Henan,887,2020/2/11,218,1105
Henan,889,2020/2/12,246,1135
Henan,873,2020/2/13,296,1169
Henan,827,2020/2/14,357,1184
Henan,821,2020/2/15,391,1212
Henan,791,2020/2/16,440,1231
Henan,737,2020/2/17,509,1246
Henan,735,2020/2/18,522,1257
Henan,689,2020/2/19,573,1262
Henan,628,2020/2/20,637,1265
Henan,531,2020/2/21,736,1267
Henan,440,2020/2/22,830,1270
Henan,403,2020/2/23,868,1271
Henan,328,2020/2/24,943,1271
Henan,269,2020/2/25,1002,1271
Henan,238,2020/2/26,1033,1271
Henan,204,2020/2/27,1068,1272
Henan,160,2020/2/28,1112,1272
Henan,102,2020/2/29,1170,1272
Henan,74,2020/3/1,1198,1272
Henan,67,2020/3/2,1205,1272
Henan,41,2020/3/3,1231,1272
Henan,38,2020/3/4,1234,1272
Henan,33,2020/3/5,1239,1272
Henan,28,2020/3/6,1244,1272
Henan,28,2020/3/7,1244,1272
Henan,25,2020/3/8,1247,1272
Henan,25,2020/3/9,1247,1272
Henan,25,2020/3/10,1247,1272
Henan,24,2020/3/11,1249,1273
Henan,24,2020/3/12,1249,1273
Henan,24,2020/3/13,1249,1273
Henan,23,2020/3/14,1250,1273
Henan,23,2020/3/15,1250,1273
Henan,23,2020/3/16,1250,1273
Henan,23,2020/3/17,1250,1273
Henan,23,2020/3/18,1250,1273
Henan,23,2020/3/19,1250,1273
Henan,23,2020/3/20,1250,1273
Henan,23,2020/3/21,1250,1273
Henan,24,2020/3/22,1250,1274
Henan,24,2020/3/23,1250,1274
Henan,24,2020/3/24,1250,1274
Henan,24,2020/3/25,1250,1274
Henan,25,2020/3/26,1250,1275
Henan,25,2020/3/27,1250,1275
Henan,24,2020/3/28,1251,1275
Henan,25,2020/3/29,1251,1276
Henan,25,2020/3/30,1251,1276
Henan,25,2020/3/31,1251,1276
Henan,25,2020/4/1,1251,1276
Henan,25,2020/4/2,1251,1276
Henan,25,2020/4/3,1251,1276
Henan,25,2020/4/4,1251,1276
Henan,25,2020/4/5,1251,1276
Henan,24,2020/4/6,1252,1276
Henan,24,2020/4/7,1252,1276
Henan,24,2020/4/8,1252,1276
Henan,24,2020/4/9,1252,1276
Henan,24,2020/4/10,1252,1276
Henan,24,2020/4/11,1252,1276
Henan,23,2020/4/12,1253,1276
Henan,23,2020/4/13,1253,1276
Henan,22,2020/4/14,1254,1276
Henan,22,2020/4/15,1254,1276
Henan,22,2020/4/16,1254,1276
Henan,22,2020/4/17,1254,1276
Henan,22,2020/4/18,1254,1276
Henan,22,2020/4/19,1254,1276
Henan,22,2020/4/20,1254,1276
Henan,22,2020/4/21,1254,1276
Hong Kong,0,2020/1/22,0,0
Hong Kong,2,2020/1/23,0,2
Hong Kong,2,2020/1/24,0,2
Hong Kong,5,2020/1/25,0,5
Hong Kong,8,2020/1/26,0,8
Hong Kong,8,2020/1/27,0,8
Hong Kong,8,2020/1/28,0,8
Hong Kong,10,2020/1/29,0,10
Hong Kong,10,2020/1/30,0,10
Hong Kong,12,2020/1/31,0,12
Hong Kong,13,2020/2/1,0,13
Hong Kong,15,2020/2/2,0,15
Hong Kong,15,2020/2/3,0,15
Hong Kong,17,2020/2/4,0,17
Hong Kong,21,2020/2/5,0,21
Hong Kong,24,2020/2/6,0,24
Hong Kong,25,2020/2/7,0,25
Hong Kong,26,2020/2/8,0,26
Hong Kong,29,2020/2/9,0,29
Hong Kong,38,2020/2/10,0,38
Hong Kong,49,2020/2/11,0,49
Hong Kong,49,2020/2/12,1,50
Hong Kong,52,2020/2/13,1,53
Hong Kong,55,2020/2/14,1,56
Hong Kong,55,2020/2/15,1,56
Hong Kong,55,2020/2/16,2,57
Hong Kong,58,2020/2/17,2,60
Hong Kong,60,2020/2/18,2,62
Hong Kong,58,2020/2/19,5,63
Hong Kong,62,2020/2/20,6,68
Hong Kong,63,2020/2/21,5,68
Hong Kong,63,2020/2/22,6,69
Hong Kong,63,2020/2/23,11,74
Hong Kong,60,2020/2/24,19,79
Hong Kong,65,2020/2/25,19,84
Hong Kong,67,2020/2/26,24,91
Hong Kong,68,2020/2/27,24,92
Hong Kong,64,2020/2/28,30,94
Hong Kong,62,2020/2/29,33,95
Hong Kong,60,2020/3/1,36,96
Hong Kong,64,2020/3/2,36,100
Hong Kong,63,2020/3/3,37,100
Hong Kong,68,2020/3/4,37,105
Hong Kong,62,2020/3/5,43,105
Hong Kong,61,2020/3/6,46,107
Hong Kong,57,2020/3/7,51,108
Hong Kong,56,2020/3/8,58,114
Hong Kong,56,2020/3/9,59,115
Hong Kong,55,2020/3/10,65,120
Hong Kong,61,2020/3/11,65,126
Hong Kong,62,2020/3/12,67,129
Hong Kong,57,2020/3/13,77,134
Hong Kong,62,2020/3/14,78,140
Hong Kong,64,2020/3/15,81,145
Hong Kong,71,2020/3/16,84,155
Hong Kong,74,2020/3/17,88,162
Hong Kong,89,2020/3/18,92,181
Hong Kong,113,2020/3/19,95,208
Hong Kong,158,2020/3/20,98,256
Hong Kong,175,2020/3/21,98,273
Hong Kong,217,2020/3/22,100,317
Hong Kong,256,2020/3/23,100,356
Hong Kong,285,2020/3/24,101,386
Hong Kong,308,2020/3/25,102,410
Hong Kong,343,2020/3/26,110,453
Hong Kong,409,2020/3/27,110,519
Hong Kong,449,2020/3/28,112,561
Hong Kong,529,2020/3/29,112,641
Hong Kong,559,2020/3/30,123,682
Hong Kong,586,2020/3/31,128,714
Hong Kong,618,2020/4/1,147,765
Hong Kong,655,2020/4/2,147,802
Hong Kong,672,2020/4/3,173,845
Hong Kong,689,2020/4/4,173,862
Hong Kong,684,2020/4/5,206,890
Hong Kong,698,2020/4/6,216,914
Hong Kong,719,2020/4/7,216,935
Hong Kong,696,2020/4/8,264,960
Hong Kong,680,2020/4/9,293,973
Hong Kong,680,2020/4/10,309,989
Hong Kong,664,2020/4/11,336,1000
Hong Kong,644,2020/4/12,360,1004
Hong Kong,649,2020/4/13,360,1009
Hong Kong,578,2020/4/14,434,1012
Hong Kong,558,2020/4/15,459,1017
Hong Kong,532,2020/4/16,485,1017
Hong Kong,488,2020/4/17,533,1021
Hong Kong,456,2020/4/18,568,1024
Hong Kong,423,2020/4/19,602,1025
Hong Kong,395,2020/4/20,630,1025
Hong Kong,379,2020/4/21,650,1029
Hubei,416,2020/1/22,28,444
Hubei,416,2020/1/23,28,444
Hubei,518,2020/1/24,31,549
Hubei,729,2020/1/25,32,761
Hubei,1016,2020/1/26,42,1058
Hubei,1378,2020/1/27,45,1423
Hubei,3474,2020/1/28,80,3554
Hubei,3466,2020/1/29,88,3554
Hubei,4813,2020/1/30,90,4903
Hubei,5665,2020/1/31,141,5806
Hubei,6985,2020/2/1,168,7153
Hubei,10882,2020/2/2,295,11177
Hubei,13136,2020/2/3,386,13522
Hubei,16156,2020/2/4,522,16678
Hubei,19032,2020/2/5,633,19665
Hubei,21295,2020/2/6,817,22112
Hubei,23838,2020/2/7,1115,24953
Hubei,25661,2020/2/8,1439,27100
Hubei,27836,2020/2/9,1795,29631
Hubei,29506,2020/2/10,2222,31728
Hubei,30727,2020/2/11,2639,33366
Hubei,30680,2020/2/12,2686,33366
Hubei,44747,2020/2/13,3459,48206
Hubei,49632,2020/2/14,4774,54406
Hubei,50626,2020/2/15,5623,56249
Hubei,51543,2020/2/16,6639,58182
Hubei,52127,2020/2/17,7862,59989
Hubei,52554,2020/2/18,9128,61682
Hubei,51694,2020/2/19,10337,62031
Hubei,50654,2020/2/20,11788,62442
Hubei,50781,2020/2/21,11881,62662
Hubei,48785,2020/2/22,15299,64084
Hubei,48741,2020/2/23,15343,64084
Hubei,47539,2020/2/24,16748,64287
Hubei,45815,2020/2/25,18971,64786
Hubei,44218,2020/2/26,20969,65187
Hubei,42213,2020/2/27,23383,65596
Hubei,39511,2020/2/28,26403,65914
Hubei,37344,2020/2/29,28993,66337
Hubei,35371,2020/3/1,31536,66907
Hubei,33169,2020/3/2,33934,67103
Hubei,31009,2020/3/3,36208,67217
Hubei,28775,2020/3/4,38557,67332
Hubei,26874,2020/3/5,40592,67466
Hubei,25559,2020/3/6,42033,67592
Hubei,24166,2020/3/7,43500,67666
Hubei,22472,2020/3/8,45235,67707
Hubei,21255,2020/3/9,46488,67743
Hubei,20017,2020/3/10,47743,67760
Hubei,18639,2020/3/11,49134,67773
Hubei,17463,2020/3/12,50318,67781
Hubei,16233,2020/3/13,51553,67786
Hubei,14830,2020/3/14,52960,67790
Hubei,13506,2020/3/15,54288,67794
Hubei,12656,2020/3/16,55142,67798
Hubei,11796,2020/3/17,56003,67799
Hubei,10873,2020/3/18,56927,67800
Hubei,10118,2020/3/19,57682,67800
Hubei,9418,2020/3/20,58382,67800
Hubei,8854,2020/3/21,58946,67800
Hubei,8367,2020/3/22,59433,67800
Hubei,7921,2020/3/23,59879,67800
Hubei,7477,2020/3/24,60324,67801
Hubei,6990,2020/3/25,60811,67801
Hubei,6600,2020/3/26,61201,67801
Hubei,6069,2020/3/27,61732,67801
Hubei,5703,2020/3/28,62098,67801
Hubei,5231,2020/3/29,62570,67801
Hubei,4912,2020/3/30,62889,67801
Hubei,4648,2020/3/31,63153,67801
Hubei,4476,2020/4/1,63326,67802
Hubei,4331,2020/4/2,63471,67802
Hubei,4190,2020/4/3,63612,67802
Hubei,4041,2020/4/4,63762,67803
Hubei,3858,2020/4/5,63945,67803
Hubei,3789,2020/4/6,64014,67803
Hubei,3730,2020/4/7,64073,67803
Hubei,3661,2020/4/8,64142,67803
Hubei,3616,2020/4/9,64187,67803
Hubei,3567,2020/4/10,64236,67803
Hubei,3539,2020/4/11,64264,67803
Hubei,3522,2020/4/12,64281,67803
Hubei,3465,2020/4/13,64338,67803
Hubei,3440,2020/4/14,64363,67803
Hubei,3401,2020/4/15,64402,67803
Hubei,3368,2020/4/16,64435,67803
Hubei,4641,2020/4/17,63487,68128
Hubei,4634,2020/4/18,63494,68128
Hubei,4621,2020/4/19,63507,68128
Hubei,4617,2020/4/20,63511,68128
Hubei,4614,2020/4/21,63514,68128
Hunan,4,2020/1/22,0,4
Hunan,9,2020/1/23,0,9
Hunan,24,2020/1/24,0,24
Hunan,43,2020/1/25,0,43
Hunan,69,2020/1/26,0,69
Hunan,100,2020/1/27,0,100
Hunan,143,2020/1/28,0,143
Hunan,221,2020/1/29,0,221
Hunan,275,2020/1/30,2,277
Hunan,330,2020/1/31,2,332
Hunan,381,2020/2/1,8,389
Hunan,447,2020/2/2,16,463
Hunan,499,2020/2/3,22,521
Hunan,562,2020/2/4,31,593
Hunan,607,2020/2/5,54,661
Hunan,630,2020/2/6,81,711
Hunan,660,2020/2/7,112,772
Hunan,647,2020/2/8,156,803
Hunan,652,2020/2/9,186,838
Hunan,671,2020/2/10,208,879
Hunan,665,2020/2/11,247,912
Hunan,642,2020/2/12,304,946
Hunan,629,2020/2/13,339,968
Hunan,624,2020/2/14,364,988
Hunan,576,2020/2/15,425,1001
Hunan,540,2020/2/16,464,1004
Hunan,508,2020/2/17,498,1006
Hunan,480,2020/2/18,527,1007
Hunan,447,2020/2/19,561,1008
Hunan,376,2020/2/20,634,1010
Hunan,350,2020/2/21,661,1011
Hunan,321,2020/2/22,692,1013
Hunan,302,2020/2/23,714,1016
Hunan,285,2020/2/24,731,1016
Hunan,248,2020/2/25,768,1016
Hunan,233,2020/2/26,783,1016
Hunan,213,2020/2/27,804,1017
Hunan,187,2020/2/28,830,1017
Hunan,172,2020/2/29,846,1018
Hunan,152,2020/3/1,866,1018
Hunan,131,2020/3/2,887,1018
Hunan,112,2020/3/3,906,1018
Hunan,102,2020/3/4,916,1018
Hunan,80,2020/3/5,938,1018
Hunan,63,2020/3/6,955,1018
Hunan,58,2020/3/7,960,1018
Hunan,50,2020/3/8,968,1018
Hunan,39,2020/3/9,979,1018
Hunan,28,2020/3/10,990,1018
Hunan,23,2020/3/11,995,1018
Hunan,19,2020/3/12,999,1018
Hunan,13,2020/3/13,1005,1018
Hunan,4,2020/3/14,1014,1018
Hunan,4,2020/3/15,1014,1018
Hunan,4,2020/3/16,1014,1018
Hunan,4,2020/3/17,1014,1018
Hunan,4,2020/3/18,1014,1018
Hunan,4,2020/3/19,1014,1018
Hunan,4,2020/3/20,1014,1018
Hunan,4,2020/3/21,1014,1018
Hunan,4,2020/3/22,1014,1018
Hunan,4,2020/3/23,1014,1018
Hunan,4,2020/3/24,1014,1018
Hunan,4,2020/3/25,1014,1018
Hunan,4,2020/3/26,1014,1018
Hunan,4,2020/3/27,1014,1018
Hunan,4,2020/3/28,1014,1018
Hunan,4,2020/3/29,1014,1018
Hunan,4,2020/3/30,1014,1018
Hunan,4,2020/3/31,1014,1018
Hunan,4,2020/4/1,1014,1018
Hunan,5,2020/4/2,1014,1019
Hunan,5,2020/4/3,1014,1019
Hunan,5,2020/4/4,1014,1019
Hunan,5,2020/4/5,1014,1019
Hunan,5,2020/4/6,1014,1019
Hunan,5,2020/4/7,1014,1019
Hunan,5,2020/4/8,1014,1019
Hunan,5,2020/4/9,1014,1019
Hunan,5,2020/4/10,1014,1019
Hunan,5,2020/4/11,1014,1019
Hunan,5,2020/4/12,1014,1019
Hunan,5,2020/4/13,1014,1019
Hunan,5,2020/4/14,1014,1019
Hunan,5,2020/4/15,1014,1019
Hunan,5,2020/4/16,1014,1019
Hunan,5,2020/4/17,1014,1019
Hunan,4,2020/4/18,1015,1019
Hunan,4,2020/4/19,1015,1019
Hunan,4,2020/4/20,1015,1019
Hunan,4,2020/4/21,1015,1019
Inner Mongolia,0,2020/1/22,0,0
Inner Mongolia,0,2020/1/23,0,0
Inner Mongolia,1,2020/1/24,0,1
Inner Mongolia,7,2020/1/25,0,7
Inner Mongolia,7,2020/1/26,0,7
Inner Mongolia,11,2020/1/27,0,11
Inner Mongolia,15,2020/1/28,0,15
Inner Mongolia,16,2020/1/29,0,16
Inner Mongolia,19,2020/1/30,0,19
Inner Mongolia,19,2020/1/31,1,20
Inner Mongolia,22,2020/2/1,1,23
Inner Mongolia,26,2020/2/2,1,27
Inner Mongolia,33,2020/2/3,1,34
Inner Mongolia,34,2020/2/4,1,35
Inner Mongolia,39,2020/2/5,3,42
Inner Mongolia,42,2020/2/6,4,46
Inner Mongolia,45,2020/2/7,5,50
Inner Mongolia,47,2020/2/8,5,52
Inner Mongolia,49,2020/2/9,5,54
Inner Mongolia,53,2020/2/10,5,58
Inner Mongolia,53,2020/2/11,5,58
Inner Mongolia,54,2020/2/12,6,60
Inner Mongolia,55,2020/2/13,6,61
Inner Mongolia,59,2020/2/14,6,65
Inner Mongolia,61,2020/2/15,7,68
Inner Mongolia,62,2020/2/16,8,70
Inner Mongolia,64,2020/2/17,8,72
Inner Mongolia,65,2020/2/18,8,73
Inner Mongolia,65,2020/2/19,10,75
Inner Mongolia,59,2020/2/20,16,75
Inner Mongolia,58,2020/2/21,17,75
Inner Mongolia,49,2020/2/22,26,75
Inner Mongolia,48,2020/2/23,27,75
Inner Mongolia,41,2020/2/24,34,75
Inner Mongolia,40,2020/2/25,35,75
Inner Mongolia,37,2020/2/26,38,75
Inner Mongolia,32,2020/2/27,43,75
Inner Mongolia,30,2020/2/28,45,75
Inner Mongolia,26,2020/2/29,49,75
Inner Mongolia,23,2020/3/1,52,75
Inner Mongolia,21,2020/3/2,54,75
Inner Mongolia,16,2020/3/3,59,75
Inner Mongolia,12,2020/3/4,63,75
Inner Mongolia,10,2020/3/5,65,75
Inner Mongolia,10,2020/3/6,65,75
Inner Mongolia,8,2020/3/7,67,75
Inner Mongolia,5,2020/3/8,70,75
Inner Mongolia,5,2020/3/9,70,75
Inner Mongolia,5,2020/3/10,70,75
Inner Mongolia,4,2020/3/11,71,75
Inner Mongolia,4,2020/3/12,71,75
Inner Mongolia,4,2020/3/13,71,75
Inner Mongolia,4,2020/3/14,71,75
Inner Mongolia,4,2020/3/15,71,75
Inner Mongolia,2,2020/3/16,73,75
Inner Mongolia,2,2020/3/17,73,75
Inner Mongolia,2,2020/3/18,73,75
Inner Mongolia,1,2020/3/19,74,75
Inner Mongolia,1,2020/3/20,74,75
Inner Mongolia,1,2020/3/21,74,75
Inner Mongolia,1,2020/3/22,74,75
Inner Mongolia,1,2020/3/23,74,75
Inner Mongolia,1,2020/3/24,74,75
Inner Mongolia,3,2020/3/25,74,77
Inner Mongolia,15,2020/3/26,74,89
Inner Mongolia,18,2020/3/27,74,92
Inner Mongolia,20,2020/3/28,74,94
Inner Mongolia,21,2020/3/29,74,95
Inner Mongolia,23,2020/3/30,74,97
Inner Mongolia,33,2020/3/31,74,107
Inner Mongolia,37,2020/4/1,74,111
Inner Mongolia,43,2020/4/2,74,117
Inner Mongolia,43,2020/4/3,74,117
Inner Mongolia,43,2020/4/4,74,117
Inner Mongolia,43,2020/4/5,74,117
Inner Mongolia,44,2020/4/6,74,118
Inner Mongolia,47,2020/4/7,74,121
Inner Mongolia,50,2020/4/8,74,124
Inner Mongolia,47,2020/4/9,79,126
Inner Mongolia,49,2020/4/10,79,128
Inner Mongolia,76,2020/4/11,79,155
Inner Mongolia,106,2020/4/12,83,189
Inner Mongolia,107,2020/4/13,83,190
Inner Mongolia,99,2020/4/14,91,190
Inner Mongolia,96,2020/4/15,94,190
Inner Mongolia,99,2020/4/16,94,193
Inner Mongolia,90,2020/4/17,103,193
Inner Mongolia,89,2020/4/18,104,193
Inner Mongolia,89,2020/4/19,104,193
Inner Mongolia,90,2020/4/20,104,194
Inner Mongolia,86,2020/4/21,108,194
Jiangsu,1,2020/1/22,0,1
Jiangsu,5,2020/1/23,0,5
Jiangsu,9,2020/1/24,0,9
Jiangsu,17,2020/1/25,1,18
Jiangsu,32,2020/1/26,1,33
Jiangsu,46,2020/1/27,1,47
Jiangsu,69,2020/1/28,1,70
Jiangsu,98,2020/1/29,1,99
Jiangsu,128,2020/1/30,1,129
Jiangsu,163,2020/1/31,5,168
Jiangsu,196,2020/2/1,6,202
Jiangsu,229,2020/2/2,7,236
Jiangsu,263,2020/2/3,8,271
Jiangsu,296,2020/2/4,12,308
Jiangsu,318,2020/2/5,23,341
Jiangsu,339,2020/2/6,34,373
Jiangsu,365,2020/2/7,43,408
Jiangsu,388,2020/2/8,51,439
Jiangsu,397,2020/2/9,71,468
Jiangsu,411,2020/2/10,81,492
Jiangsu,422,2020/2/11,93,515
Jiangsu,418,2020/2/12,125,543
Jiangsu,431,2020/2/13,139,570
Jiangsu,436,2020/2/14,157,593
Jiangsu,418,2020/2/15,186,604
Jiangsu,399,2020/2/16,218,617
Jiangsu,368,2020/2/17,258,626
Jiangsu,349,2020/2/18,280,629
Jiangsu,313,2020/2/19,318,631
Jiangsu,275,2020/2/20,356,631
Jiangsu,258,2020/2/21,373,631
Jiangsu,230,2020/2/22,401,631
Jiangsu,213,2020/2/23,418,631
Jiangsu,179,2020/2/24,452,631
Jiangsu,173,2020/2/25,458,631
Jiangsu,153,2020/2/26,478,631
Jiangsu,133,2020/2/27,498,631
Jiangsu,116,2020/2/28,515,631
Jiangsu,108,2020/2/29,523,631
Jiangsu,95,2020/3/1,536,631
Jiangsu,88,2020/3/2,543,631
Jiangsu,69,2020/3/3,562,631
Jiangsu,54,2020/3/4,577,631
Jiangsu,48,2020/3/5,583,631
Jiangsu,37,2020/3/6,594,631
Jiangsu,25,2020/3/7,606,631
Jiangsu,19,2020/3/8,612,631
Jiangsu,10,2020/3/9,621,631
Jiangsu,4,2020/3/10,627,631
Jiangsu,4,2020/3/11,627,631
Jiangsu,2,2020/3/12,629,631
Jiangsu,1,2020/3/13,630,631
Jiangsu,1,2020/3/14,630,631
Jiangsu,0,2020/3/15,631,631
Jiangsu,0,2020/3/16,631,631
Jiangsu,0,2020/3/17,631,631
Jiangsu,0,2020/3/18,631,631
Jiangsu,0,2020/3/19,631,631
Jiangsu,0,2020/3/20,631,631
Jiangsu,0,2020/3/21,631,631
Jiangsu,2,2020/3/22,631,633
Jiangsu,2,2020/3/23,631,633
Jiangsu,5,2020/3/24,631,636
Jiangsu,7,2020/3/25,631,638
Jiangsu,9,2020/3/26,631,640
Jiangsu,10,2020/3/27,631,641
Jiangsu,10,2020/3/28,631,641
Jiangsu,13,2020/3/29,631,644
Jiangsu,14,2020/3/30,631,645
Jiangsu,15,2020/3/31,631,646
Jiangsu,15,2020/4/1,631,646
Jiangsu,16,2020/4/2,631,647
Jiangsu,19,2020/4/3,632,651
Jiangsu,19,2020/4/4,632,651
Jiangsu,18,2020/4/5,633,651
Jiangsu,18,2020/4/6,633,651
Jiangsu,18,2020/4/7,633,651
Jiangsu,18,2020/4/8,633,651
Jiangsu,18,2020/4/9,633,651
Jiangsu,17,2020/4/10,634,651
Jiangsu,16,2020/4/11,636,652
Jiangsu,15,2020/4/12,638,653
Jiangsu,15,2020/4/13,638,653
Jiangsu,12,2020/4/14,641,653
Jiangsu,11,2020/4/15,642,653
Jiangsu,11,2020/4/16,642,653
Jiangsu,10,2020/4/17,643,653
Jiangsu,10,2020/4/18,643,653
Jiangsu,10,2020/4/19,643,653
Jiangsu,10,2020/4/20,643,653
Jiangsu,9,2020/4/21,644,653
Jiangxi,2,2020/1/22,0,2
Jiangxi,7,2020/1/23,0,7
Jiangxi,18,2020/1/24,0,18
Jiangxi,18,2020/1/25,0,18
Jiangxi,36,2020/1/26,0,36
Jiangxi,70,2020/1/27,2,72
Jiangxi,106,2020/1/28,3,109
Jiangxi,106,2020/1/29,3,109
Jiangxi,157,2020/1/30,5,162
Jiangxi,233,2020/1/31,7,240
Jiangxi,277,2020/2/1,9,286
Jiangxi,321,2020/2/2,12,333
Jiangxi,373,2020/2/3,18,391
Jiangxi,456,2020/2/4,20,476
Jiangxi,521,2020/2/5,27,548
Jiangxi,563,2020/2/6,37,600
Jiangxi,616,2020/2/7,45,661
Jiangxi,643,2020/2/8,55,698
Jiangxi,667,2020/2/9,73,740
Jiangxi,666,2020/2/10,105,771
Jiangxi,676,2020/2/11,128,804
Jiangxi,692,2020/2/12,152,844
Jiangxi,702,2020/2/13,170,872
Jiangxi,713,2020/2/14,187,900
Jiangxi,703,2020/2/15,210,913
Jiangxi,685,2020/2/16,240,925
Jiangxi,655,2020/2/17,275,930
Jiangxi,623,2020/2/18,310,933
Jiangxi,572,2020/2/19,362,934
Jiangxi,501,2020/2/20,433,934
Jiangxi,445,2020/2/21,489,934
Jiangxi,379,2020/2/22,555,934
Jiangxi,321,2020/2/23,613,934
Jiangxi,289,2020/2/24,645,934
Jiangxi,251,2020/2/25,683,934
Jiangxi,215,2020/2/26,719,934
Jiangxi,180,2020/2/27,754,934
Jiangxi,145,2020/2/28,790,935
Jiangxi,124,2020/2/29,811,935
Jiangxi,104,2020/3/1,831,935
Jiangxi,85,2020/3/2,850,935
Jiangxi,65,2020/3/3,870,935
Jiangxi,51,2020/3/4,884,935
Jiangxi,34,2020/3/5,901,935
Jiangxi,26,2020/3/6,909,935
Jiangxi,19,2020/3/7,916,935
Jiangxi,16,2020/3/8,919,935
Jiangxi,12,2020/3/9,923,935
Jiangxi,8,2020/3/10,927,935
Jiangxi,3,2020/3/11,932,935
Jiangxi,1,2020/3/12,934,935
Jiangxi,1,2020/3/13,934,935
Jiangxi,1,2020/3/14,934,935
Jiangxi,1,2020/3/15,934,935
Jiangxi,1,2020/3/16,934,935
Jiangxi,1,2020/3/17,934,935
Jiangxi,1,2020/3/18,934,935
Jiangxi,1,2020/3/19,934,935
Jiangxi,1,2020/3/20,934,935
Jiangxi,1,2020/3/21,934,935
Jiangxi,2,2020/3/22,934,936
Jiangxi,2,2020/3/23,934,936
Jiangxi,2,2020/3/24,934,936
Jiangxi,2,2020/3/25,934,936
Jiangxi,2,2020/3/26,934,936
Jiangxi,2,2020/3/27,934,936
Jiangxi,2,2020/3/28,934,936
Jiangxi,3,2020/3/29,934,937
Jiangxi,2,2020/3/30,935,937
Jiangxi,2,2020/3/31,935,937
Jiangxi,2,2020/4/1,935,937
Jiangxi,2,2020/4/2,935,937
Jiangxi,2,2020/4/3,935,937
Jiangxi,2,2020/4/4,935,937
Jiangxi,2,2020/4/5,935,937
Jiangxi,2,2020/4/6,935,937
Jiangxi,2,2020/4/7,935,937
Jiangxi,2,2020/4/8,935,937
Jiangxi,2,2020/4/9,935,937
Jiangxi,1,2020/4/10,936,937
Jiangxi,1,2020/4/11,936,937
Jiangxi,1,2020/4/12,936,937
Jiangxi,1,2020/4/13,936,937
Jiangxi,1,2020/4/14,936,937
Jiangxi,1,2020/4/15,936,937
Jiangxi,1,2020/4/16,936,937
Jiangxi,1,2020/4/17,936,937
Jiangxi,1,2020/4/18,936,937
Jiangxi,1,2020/4/19,936,937
Jiangxi,1,2020/4/20,936,937
Jiangxi,1,2020/4/21,936,937
Jilin,0,2020/1/22,0,0
Jilin,1,2020/1/23,0,1
Jilin,3,2020/1/24,0,3
Jilin,4,2020/1/25,0,4
Jilin,4,2020/1/26,0,4
Jilin,6,2020/1/27,0,6
Jilin,8,2020/1/28,0,8
Jilin,9,2020/1/29,0,9
Jilin,13,2020/1/30,1,14
Jilin,13,2020/1/31,1,14
Jilin,16,2020/2/1,1,17
Jilin,22,2020/2/2,1,23
Jilin,30,2020/2/3,1,31
Jilin,41,2020/2/4,1,42
Jilin,52,2020/2/5,2,54
Jilin,55,2020/2/6,4,59
Jilin,61,2020/2/7,4,65
Jilin,65,2020/2/8,4,69
Jilin,66,2020/2/9,12,78
Jilin,67,2020/2/10,13,80
Jilin,63,2020/2/11,18,81
Jilin,61,2020/2/12,22,83
Jilin,60,2020/2/13,24,84
Jilin,61,2020/2/14,25,86
Jilin,62,2020/2/15,26,88
Jilin,59,2020/2/16,30,89
Jilin,55,2020/2/17,34,89
Jilin,53,2020/2/18,36,89
Jilin,53,2020/2/19,37,90
Jilin,48,2020/2/20,43,91
Jilin,46,2020/2/21,45,91
Jilin,39,2020/2/22,52,91
Jilin,37,2020/2/23,54,91
Jilin,33,2020/2/24,60,93
Jilin,30,2020/2/25,63,93
Jilin,28,2020/2/26,65,93
Jilin,26,2020/2/27,67,93
Jilin,20,2020/2/28,73,93
Jilin,18,2020/2/29,75,93
Jilin,15,2020/3/1,78,93
Jilin,10,2020/3/2,83,93
Jilin,10,2020/3/3,83,93
Jilin,7,2020/3/4,86,93
Jilin,5,2020/3/5,88,93
Jilin,3,2020/3/6,90,93
Jilin,3,2020/3/7,90,93
Jilin,3,2020/3/8,90,93
Jilin,2,2020/3/9,91,93
Jilin,2,2020/3/10,91,93
Jilin,2,2020/3/11,91,93
Jilin,2,2020/3/12,91,93
Jilin,2,2020/3/13,91,93
Jilin,2,2020/3/14,91,93
Jilin,2,2020/3/15,91,93
Jilin,1,2020/3/16,92,93
Jilin,1,2020/3/17,92,93
Jilin,1,2020/3/18,92,93
Jilin,1,2020/3/19,92,93
Jilin,1,2020/3/20,92,93
Jilin,1,2020/3/21,92,93
Jilin,1,2020/3/22,92,93
Jilin,1,2020/3/23,92,93
Jilin,1,2020/3/24,92,93
Jilin,2,2020/3/25,92,94
Jilin,3,2020/3/26,92,95
Jilin,3,2020/3/27,92,95
Jilin,5,2020/3/28,92,97
Jilin,6,2020/3/29,92,98
Jilin,6,2020/3/30,92,98
Jilin,6,2020/3/31,92,98
Jilin,6,2020/4/1,92,98
Jilin,6,2020/4/2,92,98
Jilin,6,2020/4/3,92,98
Jilin,6,2020/4/4,92,98
Jilin,6,2020/4/5,92,98
Jilin,6,2020/4/6,92,98
Jilin,6,2020/4/7,92,98
Jilin,5,2020/4/8,93,98
Jilin,5,2020/4/9,93,98
Jilin,3,2020/4/10,95,98
Jilin,2,2020/4/11,96,98
Jilin,3,2020/4/12,96,99
Jilin,4,2020/4/13,96,100
Jilin,4,2020/4/14,96,100
Jilin,6,2020/4/15,96,102
Jilin,6,2020/4/16,96,102
Jilin,5,2020/4/17,97,102
Jilin,5,2020/4/18,97,102
Jilin,7,2020/4/19,97,104
Jilin,7,2020/4/20,97,104
Jilin,9,2020/4/21,97,106
Liaoning,2,2020/1/22,0,2
Liaoning,3,2020/1/23,0,3
Liaoning,4,2020/1/24,0,4
Liaoning,17,2020/1/25,0,17
Liaoning,21,2020/1/26,0,21
Liaoning,27,2020/1/27,0,27
Liaoning,34,2020/1/28,0,34
Liaoning,38,2020/1/29,1,39
Liaoning,40,2020/1/30,1,41
Liaoning,47,2020/1/31,1,48
Liaoning,63,2020/2/1,1,64
Liaoning,69,2020/2/2,1,70
Liaoning,73,2020/2/3,1,74
Liaoning,79,2020/2/4,2,81
Liaoning,85,2020/2/5,4,89
Liaoning,89,2020/2/6,5,94
Liaoning,92,2020/2/7,7,99
Liaoning,97,2020/2/8,8,105
Liaoning,95,2020/2/9,12,107
Liaoning,95,2020/2/10,13,108
Liaoning,92,2020/2/11,19,111
Liaoning,96,2020/2/12,20,116
Liaoning,95,2020/2/13,22,117
Liaoning,90,2020/2/14,29,119
Liaoning,88,2020/2/15,31,119
Liaoning,81,2020/2/16,40,121
Liaoning,78,2020/2/17,43,121
Liaoning,68,2020/2/18,53,121
Liaoning,66,2020/2/19,55,121
Liaoning,62,2020/2/20,59,121
Liaoning,60,2020/2/21,61,121
Liaoning,55,2020/2/22,66,121
Liaoning,48,2020/2/23,73,121
Liaoning,41,2020/2/24,80,121
Liaoning,38,2020/2/25,83,121
Liaoning,33,2020/2/26,88,121
Liaoning,28,2020/2/27,93,121
Liaoning,28,2020/2/28,93,121
Liaoning,25,2020/2/29,96,121
Liaoning,19,2020/3/1,103,122
Liaoning,19,2020/3/2,103,122
Liaoning,19,2020/3/3,106,125
Liaoning,19,2020/3/4,106,125
Liaoning,19,2020/3/5,106,125
Liaoning,19,2020/3/6,106,125
Liaoning,18,2020/3/7,107,125
Liaoning,16,2020/3/8,109,125
Liaoning,16,2020/3/9,109,125
Liaoning,14,2020/3/10,111,125
Liaoning,14,2020/3/11,111,125
Liaoning,13,2020/3/12,112,125
Liaoning,13,2020/3/13,112,125
Liaoning,12,2020/3/14,113,125
Liaoning,11,2020/3/15,114,125
Liaoning,10,2020/3/16,115,125
Liaoning,5,2020/3/17,120,125
Liaoning,3,2020/3/18,122,125
Liaoning,3,2020/3/19,122,125
Liaoning,4,2020/3/20,122,126
Liaoning,4,2020/3/21,122,126
Liaoning,3,2020/3/22,124,127
Liaoning,3,2020/3/23,124,127
Liaoning,3,2020/3/24,124,127
Liaoning,3,2020/3/25,124,127
Liaoning,4,2020/3/26,124,128
Liaoning,4,2020/3/27,124,128
Liaoning,8,2020/3/28,124,132
Liaoning,10,2020/3/29,124,134
Liaoning,12,2020/3/30,124,136
Liaoning,15,2020/3/31,124,139
Liaoning,16,2020/4/1,124,140
Liaoning,17,2020/4/2,124,141
Liaoning,17,2020/4/3,124,141
Liaoning,16,2020/4/4,125,141
Liaoning,16,2020/4/5,126,142
Liaoning,14,2020/4/6,128,142
Liaoning,14,2020/4/7,130,144
Liaoning,13,2020/4/8,131,144
Liaoning,12,2020/4/9,132,144
Liaoning,12,2020/4/10,132,144
Liaoning,12,2020/4/11,133,145
Liaoning,9,2020/4/12,136,145
Liaoning,9,2020/4/13,136,145
Liaoning,7,2020/4/14,138,145
Liaoning,7,2020/4/15,138,145
Liaoning,5,2020/4/16,140,145
Liaoning,6,2020/4/17,140,146
Liaoning,4,2020/4/18,142,146
Liaoning,4,2020/4/19,142,146
Liaoning,3,2020/4/20,143,146
Liaoning,3,2020/4/21,143,146
Macau,1,2020/1/22,0,1
Macau,2,2020/1/23,0,2
Macau,2,2020/1/24,0,2
Macau,2,2020/1/25,0,2
Macau,5,2020/1/26,0,5
Macau,6,2020/1/27,0,6
Macau,7,2020/1/28,0,7
Macau,7,2020/1/29,0,7
Macau,7,2020/1/30,0,7
Macau,7,2020/1/31,0,7
Macau,7,2020/2/1,0,7
Macau,8,2020/2/2,0,8
Macau,8,2020/2/3,0,8
Macau,10,2020/2/4,0,10
Macau,10,2020/2/5,0,10
Macau,9,2020/2/6,1,10
Macau,9,2020/2/7,1,10
Macau,9,2020/2/8,1,10
Macau,9,2020/2/9,1,10
Macau,9,2020/2/10,1,10
Macau,9,2020/2/11,1,10
Macau,8,2020/2/12,2,10
Macau,7,2020/2/13,3,10
Macau,7,2020/2/14,3,10
Macau,7,2020/2/15,3,10
Macau,5,2020/2/16,5,10
Macau,5,2020/2/17,5,10
Macau,5,2020/2/18,5,10
Macau,5,2020/2/19,5,10
Macau,4,2020/2/20,6,10
Macau,4,2020/2/21,6,10
Macau,4,2020/2/22,6,10
Macau,4,2020/2/23,6,10
Macau,4,2020/2/24,6,10
Macau,3,2020/2/25,7,10
Macau,3,2020/2/26,7,10
Macau,2,2020/2/27,8,10
Macau,2,2020/2/28,8,10
Macau,2,2020/2/29,8,10
Macau,2,2020/3/1,8,10
Macau,2,2020/3/2,8,10
Macau,1,2020/3/3,9,10
Macau,1,2020/3/4,9,10
Macau,1,2020/3/5,9,10
Macau,0,2020/3/6,10,10
Macau,0,2020/3/7,10,10
Macau,0,2020/3/8,10,10
Macau,0,2020/3/9,10,10
Macau,0,2020/3/10,10,10
Macau,0,2020/3/11,10,10
Macau,0,2020/3/12,10,10
Macau,0,2020/3/13,10,10
Macau,0,2020/3/14,10,10
Macau,0,2020/3/15,10,10
Macau,1,2020/3/16,10,11
Macau,2,2020/3/17,10,12
Macau,5,2020/3/18,10,15
Macau,7,2020/3/19,10,17
Macau,7,2020/3/20,10,17
Macau,8,2020/3/21,10,18
Macau,14,2020/3/22,10,24
Macau,14,2020/3/23,10,24
Macau,15,2020/3/24,10,25
Macau,20,2020/3/25,10,30
Macau,21,2020/3/26,10,31
Macau,23,2020/3/27,10,33
Macau,27,2020/3/28,10,37
Macau,27,2020/3/29,10,37
Macau,28,2020/3/30,10,38
Macau,31,2020/3/31,10,41
Macau,31,2020/4/1,10,41
Macau,31,2020/4/2,10,41
Macau,33,2020/4/3,10,43
Macau,33,2020/4/4,10,43
Macau,34,2020/4/5,10,44
Macau,34,2020/4/6,10,44
Macau,34,2020/4/7,10,44
Macau,35,2020/4/8,10,45
Macau,35,2020/4/9,10,45
Macau,35,2020/4/10,10,45
Macau,35,2020/4/11,10,45
Macau,32,2020/4/12,13,45
Macau,32,2020/4/13,13,45
Macau,32,2020/4/14,13,45
Macau,29,2020/4/15,16,45
Macau,29,2020/4/16,16,45
Macau,29,2020/4/17,16,45
Macau,28,2020/4/18,17,45
Macau,25,2020/4/19,20,45
Macau,23,2020/4/20,22,45
Macau,21,2020/4/21,24,45
Ningxia,1,2020/1/22,0,1
Ningxia,1,2020/1/23,0,1
Ningxia,2,2020/1/24,0,2
Ningxia,3,2020/1/25,0,3
Ningxia,4,2020/1/26,0,4
Ningxia,7,2020/1/27,0,7
Ningxia,11,2020/1/28,0,11
Ningxia,12,2020/1/29,0,12
Ningxia,17,2020/1/30,0,17
Ningxia,21,2020/1/31,0,21
Ningxia,26,2020/2/1,0,26
Ningxia,28,2020/2/2,0,28
Ningxia,30,2020/2/3,1,31
Ningxia,33,2020/2/4,1,34
Ningxia,33,2020/2/5,1,34
Ningxia,39,2020/2/6,1,40
Ningxia,38,2020/2/7,5,43
Ningxia,30,2020/2/8,15,45
Ningxia,32,2020/2/9,13,45
Ningxia,36,2020/2/10,13,49
Ningxia,31,2020/2/11,22,53
Ningxia,34,2020/2/12,24,58
Ningxia,40,2020/2/13,24,64
Ningxia,43,2020/2/14,24,67
Ningxia,37,2020/2/15,33,70
Ningxia,37,2020/2/16,33,70
Ningxia,35,2020/2/17,35,70
Ningxia,28,2020/2/18,42,70
Ningxia,29,2020/2/19,42,71
Ningxia,27,2020/2/20,44,71
Ningxia,23,2020/2/21,48,71
Ningxia,23,2020/2/22,48,71
Ningxia,15,2020/2/23,56,71
Ningxia,13,2020/2/24,58,71
Ningxia,10,2020/2/25,61,71
Ningxia,6,2020/2/26,65,71
Ningxia,4,2020/2/27,68,72
Ningxia,4,2020/2/28,68,72
Ningxia,4,2020/2/29,69,73
Ningxia,4,2020/3/1,69,73
Ningxia,5,2020/3/2,69,74
Ningxia,5,2020/3/3,69,74
Ningxia,6,2020/3/4,69,75
Ningxia,6,2020/3/5,69,75
Ningxia,4,2020/3/6,71,75
Ningxia,4,2020/3/7,71,75
Ningxia,4,2020/3/8,71,75
Ningxia,4,2020/3/9,71,75
Ningxia,4,2020/3/10,71,75
Ningxia,3,2020/3/11,72,75
Ningxia,3,2020/3/12,72,75
Ningxia,3,2020/3/13,72,75
Ningxia,2,2020/3/14,73,75
Ningxia,2,2020/3/15,73,75
Ningxia,0,2020/3/16,75,75
Ningxia,0,2020/3/17,75,75
Ningxia,0,2020/3/18,75,75
Ningxia,0,2020/3/19,75,75
Ningxia,0,2020/3/20,75,75
Ningxia,0,2020/3/21,75,75
Ningxia,0,2020/3/22,75,75
Ningxia,0,2020/3/23,75,75
Ningxia,0,2020/3/24,75,75
Ningxia,0,2020/3/25,75,75
Ningxia,0,2020/3/26,75,75
Ningxia,0,2020/3/27,75,75
Ningxia,0,2020/3/28,75,75
Ningxia,0,2020/3/29,75,75
Ningxia,0,2020/3/30,75,75
Ningxia,0,2020/3/31,75,75
Ningxia,0,2020/4/1,75,75
Ningxia,0,2020/4/2,75,75
Ningxia,0,2020/4/3,75,75
Ningxia,0,2020/4/4,75,75
Ningxia,0,2020/4/5,75,75
Ningxia,0,2020/4/6,75,75
Ningxia,0,2020/4/7,75,75
Ningxia,0,2020/4/8,75,75
Ningxia,0,2020/4/9,75,75
Ningxia,0,2020/4/10,75,75
Ningxia,0,2020/4/11,75,75
Ningxia,0,2020/4/12,75,75
Ningxia,0,2020/4/13,75,75
Ningxia,0,2020/4/14,75,75
Ningxia,0,2020/4/15,75,75
Ningxia,0,2020/4/16,75,75
Ningxia,0,2020/4/17,75,75
Ningxia,0,2020/4/18,75,75
Ningxia,0,2020/4/19,75,75
Ningxia,0,2020/4/20,75,75
Ningxia,0,2020/4/21,75,75
Qinghai,0,2020/1/22,0,0
Qinghai,0,2020/1/23,0,0
Qinghai,0,2020/1/24,0,0
Qinghai,1,2020/1/25,0,1
Qinghai,1,2020/1/26,0,1
Qinghai,6,2020/1/27,0,6
Qinghai,6,2020/1/28,0,6
Qinghai,6,2020/1/29,0,6
Qinghai,8,2020/1/30,0,8
Qinghai,8,2020/1/31,0,8
Qinghai,9,2020/2/1,0,9
Qinghai,11,2020/2/2,0,11
Qinghai,13,2020/2/3,0,13
Qinghai,15,2020/2/4,0,15
Qinghai,14,2020/2/5,3,17
Qinghai,15,2020/2/6,3,18
Qinghai,15,2020/2/7,3,18
Qinghai,15,2020/2/8,3,18
Qinghai,15,2020/2/9,3,18
Qinghai,15,2020/2/10,3,18
Qinghai,13,2020/2/11,5,18
Qinghai,9,2020/2/12,9,18
Qinghai,7,2020/2/13,11,18
Qinghai,7,2020/2/14,11,18
Qinghai,5,2020/2/15,13,18
Qinghai,5,2020/2/16,13,18
Qinghai,5,2020/2/17,13,18
Qinghai,3,2020/2/18,15,18
Qinghai,2,2020/2/19,16,18
Qinghai,2,2020/2/20,16,18
Qinghai,0,2020/2/21,18,18
Qinghai,0,2020/2/22,18,18
Qinghai,0,2020/2/23,18,18
Qinghai,0,2020/2/24,18,18
Qinghai,0,2020/2/25,18,18
Qinghai,0,2020/2/26,18,18
Qinghai,0,2020/2/27,18,18
Qinghai,0,2020/2/28,18,18
Qinghai,0,2020/2/29,18,18
Qinghai,0,2020/3/1,18,18
Qinghai,0,2020/3/2,18,18
Qinghai,0,2020/3/3,18,18
Qinghai,0,2020/3/4,18,18
Qinghai,0,2020/3/5,18,18
Qinghai,0,2020/3/6,18,18
Qinghai,0,2020/3/7,18,18
Qinghai,0,2020/3/8,18,18
Qinghai,0,2020/3/9,18,18
Qinghai,0,2020/3/10,18,18
Qinghai,0,2020/3/11,18,18
Qinghai,0,2020/3/12,18,18
Qinghai,0,2020/3/13,18,18
Qinghai,0,2020/3/14,18,18
Qinghai,0,2020/3/15,18,18
Qinghai,0,2020/3/16,18,18
Qinghai,0,2020/3/17,18,18
Qinghai,0,2020/3/18,18,18
Qinghai,0,2020/3/19,18,18
Qinghai,0,2020/3/20,18,18
Qinghai,0,2020/3/21,18,18
Qinghai,0,2020/3/22,18,18
Qinghai,0,2020/3/23,18,18
Qinghai,0,2020/3/24,18,18
Qinghai,0,2020/3/25,18,18
Qinghai,0,2020/3/26,18,18
Qinghai,0,2020/3/27,18,18
Qinghai,0,2020/3/28,18,18
Qinghai,0,2020/3/29,18,18
Qinghai,0,2020/3/30,18,18
Qinghai,0,2020/3/31,18,18
Qinghai,0,2020/4/1,18,18
Qinghai,0,2020/4/2,18,18
Qinghai,0,2020/4/3,18,18
Qinghai,0,2020/4/4,18,18
Qinghai,0,2020/4/5,18,18
Qinghai,0,2020/4/6,18,18
Qinghai,0,2020/4/7,18,18
Qinghai,0,2020/4/8,18,18
Qinghai,0,2020/4/9,18,18
Qinghai,0,2020/4/10,18,18
Qinghai,0,2020/4/11,18,18
Qinghai,0,2020/4/12,18,18
Qinghai,0,2020/4/13,18,18
Qinghai,0,2020/4/14,18,18
Qinghai,0,2020/4/15,18,18
Qinghai,0,2020/4/16,18,18
Qinghai,0,2020/4/17,18,18
Qinghai,0,2020/4/18,18,18
Qinghai,0,2020/4/19,18,18
Qinghai,0,2020/4/20,18,18
Qinghai,0,2020/4/21,18,18
Shaanxi,0,2020/1/22,0,0
Shaanxi,3,2020/1/23,0,3
Shaanxi,5,2020/1/24,0,5
Shaanxi,15,2020/1/25,0,15
Shaanxi,22,2020/1/26,0,22
Shaanxi,35,2020/1/27,0,35
Shaanxi,46,2020/1/28,0,46
Shaanxi,56,2020/1/29,0,56
Shaanxi,63,2020/1/30,0,63
Shaanxi,87,2020/1/31,0,87
Shaanxi,101,2020/2/1,0,101
Shaanxi,116,2020/2/2,0,116
Shaanxi,128,2020/2/3,0,128
Shaanxi,140,2020/2/4,2,142
Shaanxi,159,2020/2/5,6,165
Shaanxi,164,2020/2/6,9,173
Shaanxi,167,2020/2/7,17,184
Shaanxi,175,2020/2/8,20,195
Shaanxi,183,2020/2/9,25,208
Shaanxi,183,2020/2/10,30,213
Shaanxi,187,2020/2/11,32,219
Shaanxi,182,2020/2/12,43,225
Shaanxi,183,2020/2/13,46,229
Shaanxi,176,2020/2/14,54,230
Shaanxi,172,2020/2/15,60,232
Shaanxi,165,2020/2/16,71,236
Shaanxi,161,2020/2/17,79,240
Shaanxi,151,2020/2/18,89,240
Shaanxi,140,2020/2/19,102,242
Shaanxi,127,2020/2/20,118,245
Shaanxi,111,2020/2/21,134,245
Shaanxi,96,2020/2/22,149,245
Shaanxi,82,2020/2/23,163,245
Shaanxi,72,2020/2/24,173,245
Shaanxi,59,2020/2/25,186,245
Shaanxi,53,2020/2/26,192,245
Shaanxi,50,2020/2/27,195,245
Shaanxi,46,2020/2/28,199,245
Shaanxi,38,2020/2/29,207,245
Shaanxi,37,2020/3/1,208,245
Shaanxi,29,2020/3/2,216,245
Shaanxi,29,2020/3/3,216,245
Shaanxi,22,2020/3/4,223,245
Shaanxi,21,2020/3/5,224,245
Shaanxi,19,2020/3/6,226,245
Shaanxi,19,2020/3/7,226,245
Shaanxi,18,2020/3/8,227,245
Shaanxi,18,2020/3/9,227,245
Shaanxi,18,2020/3/10,227,245
Shaanxi,13,2020/3/11,232,245
Shaanxi,13,2020/3/12,232,245
Shaanxi,13,2020/3/13,232,245
Shaanxi,13,2020/3/14,232,245
Shaanxi,13,2020/3/15,232,245
Shaanxi,12,2020/3/16,233,245
Shaanxi,10,2020/3/17,236,246
Shaanxi,9,2020/3/18,237,246
Shaanxi,9,2020/3/19,237,246
Shaanxi,10,2020/3/20,237,247
Shaanxi,9,2020/3/21,239,248
Shaanxi,9,2020/3/22,239,248
Shaanxi,9,2020/3/23,239,248
Shaanxi,9,2020/3/24,240,249
Shaanxi,10,2020/3/25,240,250
Shaanxi,11,2020/3/26,242,253
Shaanxi,11,2020/3/27,242,253
Shaanxi,11,2020/3/28,242,253
Shaanxi,11,2020/3/29,242,253
Shaanxi,11,2020/3/30,242,253
Shaanxi,11,2020/3/31,242,253
Shaanxi,13,2020/4/1,242,255
Shaanxi,13,2020/4/2,242,255
Shaanxi,11,2020/4/3,244,255
Shaanxi,11,2020/4/4,245,256
Shaanxi,11,2020/4/5,245,256
Shaanxi,10,2020/4/6,246,256
Shaanxi,10,2020/4/7,246,256
Shaanxi,10,2020/4/8,246,256
Shaanxi,10,2020/4/9,246,256
Shaanxi,10,2020/4/10,246,256
Shaanxi,8,2020/4/11,248,256
Shaanxi,8,2020/4/12,248,256
Shaanxi,8,2020/4/13,248,256
Shaanxi,8,2020/4/14,248,256
Shaanxi,5,2020/4/15,251,256
Shaanxi,5,2020/4/16,251,256
Shaanxi,4,2020/4/17,252,256
Shaanxi,4,2020/4/18,252,256
Shaanxi,4,2020/4/19,252,256
Shaanxi,4,2020/4/20,252,256
Shaanxi,24,2020/4/21,253,277
Shandong,2,2020/1/22,0,2
Shandong,6,2020/1/23,0,6
Shandong,15,2020/1/24,0,15
Shandong,27,2020/1/25,0,27
Shandong,46,2020/1/26,0,46
Shandong,75,2020/1/27,0,75
Shandong,95,2020/1/28,0,95
Shandong,129,2020/1/29,1,130
Shandong,157,2020/1/30,1,158
Shandong,182,2020/1/31,2,184
Shandong,203,2020/2/1,3,206
Shandong,224,2020/2/2,6,230
Shandong,252,2020/2/3,7,259
Shandong,264,2020/2/4,11,275
Shandong,292,2020/2/5,15,307
Shandong,320,2020/2/6,27,347
Shandong,349,2020/2/7,37,386
Shandong,372,2020/2/8,44,416
Shandong,381,2020/2/9,63,444
Shandong,400,2020/2/10,66,466
Shandong,407,2020/2/11,80,487
Shandong,405,2020/2/12,92,497
Shandong,404,2020/2/13,105,509
Shandong,387,2020/2/14,136,523
Shandong,376,2020/2/15,156,532
Shandong,364,2020/2/16,173,537
Shandong,350,2020/2/17,191,541
Shandong,332,2020/2/18,211,543
Shandong,313,2020/2/19,231,544
Shandong,292,2020/2/20,254,546
Shandong,468,2020/2/21,281,749
Shandong,448,2020/2/22,302,750
Shandong,433,2020/2/23,321,754
Shandong,412,2020/2/24,343,755
Shandong,401,2020/2/25,355,756
Shandong,379,2020/2/26,377,756
Shandong,369,2020/2/27,387,756
Shandong,351,2020/2/28,405,756
Shandong,335,2020/2/29,421,756
Shandong,315,2020/3/1,443,758
Shandong,298,2020/3/2,460,758
Shandong,247,2020/3/3,511,758
Shandong,242,2020/3/4,516,758
Shandong,180,2020/3/5,578,758
Shandong,140,2020/3/6,618,758
Shandong,131,2020/3/7,627,758
Shandong,116,2020/3/8,642,758
Shandong,58,2020/3/9,700,758
Shandong,39,2020/3/10,719,758
Shandong,34,2020/3/11,726,760
Shandong,26,2020/3/12,734,760
Shandong,21,2020/3/13,739,760
Shandong,19,2020/3/14,741,760
Shandong,19,2020/3/15,741,760
Shandong,14,2020/3/16,746,760
Shandong,15,2020/3/17,746,761
Shandong,15,2020/3/18,746,761
Shandong,14,2020/3/19,747,761
Shandong,14,2020/3/20,748,762
Shandong,15,2020/3/21,749,764
Shandong,17,2020/3/22,750,767
Shandong,17,2020/3/23,751,768
Shandong,16,2020/3/24,752,768
Shandong,17,2020/3/25,752,769
Shandong,19,2020/3/26,752,771
Shandong,20,2020/3/27,752,772
Shandong,20,2020/3/28,752,772
Shandong,20,2020/3/29,752,772
Shandong,20,2020/3/30,753,773
Shandong,21,2020/3/31,753,774
Shandong,21,2020/4/1,753,774
Shandong,22,2020/4/2,753,775
Shandong,24,2020/4/3,754,778
Shandong,23,2020/4/4,755,778
Shandong,24,2020/4/5,755,779
Shandong,25,2020/4/6,755,780
Shandong,26,2020/4/7,755,781
Shandong,28,2020/4/8,755,783
Shandong,27,2020/4/9,756,783
Shandong,27,2020/4/10,756,783
Shandong,27,2020/4/11,757,784
Shandong,27,2020/4/12,757,784
Shandong,26,2020/4/13,758,784
Shandong,25,2020/4/14,759,784
Shandong,23,2020/4/15,761,784
Shandong,23,2020/4/16,761,784
Shandong,26,2020/4/17,761,787
Shandong,22,2020/4/18,765,787
Shandong,22,2020/4/19,765,787
Shandong,22,2020/4/20,765,787
Shandong,22,2020/4/21,765,787
Shanghai,9,2020/1/22,0,9
Shanghai,16,2020/1/23,0,16
Shanghai,19,2020/1/24,1,20
Shanghai,32,2020/1/25,1,33
Shanghai,39,2020/1/26,1,40
Shanghai,50,2020/1/27,3,53
Shanghai,62,2020/1/28,4,66
Shanghai,91,2020/1/29,5,96
Shanghai,107,2020/1/30,5,112
Shanghai,126,2020/1/31,9,135
Shanghai,159,2020/2/1,10,169
Shanghai,172,2020/2/2,10,182
Shanghai,193,2020/2/3,10,203
Shanghai,207,2020/2/4,12,219
Shanghai,228,2020/2/5,15,243
Shanghai,232,2020/2/6,25,257
Shanghai,247,2020/2/7,30,277
Shanghai,245,2020/2/8,41,286
Shanghai,249,2020/2/9,44,293
Shanghai,251,2020/2/10,48,299
Shanghai,251,2020/2/11,52,303
Shanghai,254,2020/2/12,57,311
Shanghai,253,2020/2/13,62,315
Shanghai,228,2020/2/14,90,318
Shanghai,202,2020/2/15,124,326
Shanghai,188,2020/2/16,140,328
Shanghai,172,2020/2/17,161,333
Shanghai,156,2020/2/18,177,333
Shanghai,147,2020/2/19,186,333
Shanghai,135,2020/2/20,199,334
Shanghai,123,2020/2/21,211,334
Shanghai,108,2020/2/22,227,335
Shanghai,86,2020/2/23,249,335
Shanghai,74,2020/2/24,261,335
Shanghai,68,2020/2/25,268,336
Shanghai,65,2020/2/26,272,337
Shanghai,61,2020/2/27,276,337
Shanghai,58,2020/2/28,279,337
Shanghai,50,2020/2/29,287,337
Shanghai,47,2020/3/1,290,337
Shanghai,45,2020/3/2,292,337
Shanghai,44,2020/3/3,294,338
Shanghai,40,2020/3/4,298,338
Shanghai,36,2020/3/5,303,339
Shanghai,36,2020/3/6,306,342
Shanghai,29,2020/3/7,313,342
Shanghai,28,2020/3/8,314,342
Shanghai,27,2020/3/9,315,342
Shanghai,25,2020/3/10,319,344
Shanghai,24,2020/3/11,320,344
Shanghai,23,2020/3/12,321,344
Shanghai,22,2020/3/13,324,346
Shanghai,29,2020/3/14,324,353
Shanghai,29,2020/3/15,324,353
Shanghai,30,2020/3/16,325,355
Shanghai,33,2020/3/17,325,358
Shanghai,35,2020/3/18,326,361
Shanghai,37,2020/3/19,326,363
Shanghai,45,2020/3/20,326,371
Shanghai,53,2020/3/21,327,380
Shanghai,76,2020/3/22,328,404
Shanghai,75,2020/3/23,329,404
Shanghai,84,2020/3/24,330,414
Shanghai,103,2020/3/25,330,433
Shanghai,120,2020/3/26,331,451
Shanghai,134,2020/3/27,334,468
Shanghai,151,2020/3/28,334,485
Shanghai,158,2020/3/29,334,492
Shanghai,160,2020/3/30,338,498
Shanghai,168,2020/3/31,341,509
Shanghai,175,2020/4/1,341,516
Shanghai,179,2020/4/2,343,522
Shanghai,178,2020/4/3,348,526
Shanghai,173,2020/4/4,356,529
Shanghai,148,2020/4/5,383,531
Shanghai,147,2020/4/6,389,536
Shanghai,132,2020/4/7,406,538
Shanghai,125,2020/4/8,418,543
Shanghai,130,2020/4/9,422,552
Shanghai,120,2020/4/10,435,555
Shanghai,117,2020/4/11,438,555
Shanghai,161,2020/4/12,446,607
Shanghai,172,2020/4/13,446,618
Shanghai,150,2020/4/14,468,618
Shanghai,137,2020/4/15,485,622
Shanghai,139,2020/4/16,489,628
Shanghai,116,2020/4/17,512,628
Shanghai,116,2020/4/18,512,628
Shanghai,114,2020/4/19,521,635
Shanghai,108,2020/4/20,530,638
Shanghai,108,2020/4/21,530,638
Shanxi,1,2020/1/22,0,1
Shanxi,1,2020/1/23,0,1
Shanxi,1,2020/1/24,0,1
Shanxi,6,2020/1/25,0,6
Shanxi,9,2020/1/26,0,9
Shanxi,13,2020/1/27,0,13
Shanxi,27,2020/1/28,0,27
Shanxi,26,2020/1/29,1,27
Shanxi,34,2020/1/30,1,35
Shanxi,38,2020/1/31,1,39
Shanxi,46,2020/2/1,1,47
Shanxi,63,2020/2/2,3,66
Shanxi,72,2020/2/3,2,74
Shanxi,77,2020/2/4,4,81
Shanxi,76,2020/2/5,5,81
Shanxi,84,2020/2/6,12,96
Shanxi,89,2020/2/7,15,104
Shanxi,94,2020/2/8,21,115
Shanxi,94,2020/2/9,25,119
Shanxi,94,2020/2/10,25,119
Shanxi,94,2020/2/11,30,124
Shanxi,93,2020/2/12,33,126
Shanxi,90,2020/2/13,36,126
Shanxi,89,2020/2/14,38,127
Shanxi,82,2020/2/15,46,128
Shanxi,79,2020/2/16,50,129
Shanxi,77,2020/2/17,53,130
Shanxi,70,2020/2/18,61,131
Shanxi,63,2020/2/19,68,131
Shanxi,56,2020/2/20,76,132
Shanxi,54,2020/2/21,78,132
Shanxi,51,2020/2/22,81,132
Shanxi,44,2020/2/23,88,132
Shanxi,39,2020/2/24,94,133
Shanxi,35,2020/2/25,98,133
Shanxi,29,2020/2/26,104,133
Shanxi,26,2020/2/27,107,133
Shanxi,21,2020/2/28,112,133
Shanxi,19,2020/2/29,114,133
Shanxi,17,2020/3/1,116,133
Shanxi,14,2020/3/2,119,133
Shanxi,9,2020/3/3,124,133
Shanxi,9,2020/3/4,124,133
Shanxi,7,2020/3/5,126,133
Shanxi,7,2020/3/6,126,133
Shanxi,7,2020/3/7,126,133
Shanxi,7,2020/3/8,126,133
Shanxi,6,2020/3/9,127,133
Shanxi,2,2020/3/10,131,133
Shanxi,2,2020/3/11,131,133
Shanxi,1,2020/3/12,132,133
Shanxi,0,2020/3/13,133,133
Shanxi,0,2020/3/14,133,133
Shanxi,0,2020/3/15,133,133
Shanxi,0,2020/3/16,133,133
Shanxi,0,2020/3/17,133,133
Shanxi,0,2020/3/18,133,133
Shanxi,0,2020/3/19,133,133
Shanxi,0,2020/3/20,133,133
Shanxi,0,2020/3/21,133,133
Shanxi,0,2020/3/22,133,133
Shanxi,1,2020/3/23,133,134
Shanxi,1,2020/3/24,133,134
Shanxi,1,2020/3/25,133,134
Shanxi,2,2020/3/26,133,135
Shanxi,2,2020/3/27,133,135
Shanxi,2,2020/3/28,133,135
Shanxi,3,2020/3/29,133,136
Shanxi,3,2020/3/30,133,136
Shanxi,3,2020/3/31,133,136
Shanxi,4,2020/4/1,133,137
Shanxi,4,2020/4/2,133,137
Shanxi,4,2020/4/3,133,137
Shanxi,4,2020/4/4,133,137
Shanxi,5,2020/4/5,133,138
Shanxi,5,2020/4/6,133,138
Shanxi,5,2020/4/7,133,138
Shanxi,29,2020/4/8,134,163
Shanxi,32,2020/4/9,134,166
Shanxi,34,2020/4/10,134,168
Shanxi,37,2020/4/11,135,172
Shanxi,37,2020/4/12,135,172
Shanxi,38,2020/4/13,135,173
Shanxi,38,2020/4/14,135,173
Shanxi,51,2020/4/15,135,186
Shanxi,59,2020/4/16,135,194
Shanxi,62,2020/4/17,135,197
Shanxi,62,2020/4/18,135,197
Shanxi,62,2020/4/19,135,197
Shanxi,62,2020/4/20,135,197
Shanxi,57,2020/4/21,140,197
Sichuan,5,2020/1/22,0,5
Sichuan,8,2020/1/23,0,8
Sichuan,15,2020/1/24,0,15
Sichuan,28,2020/1/25,0,28
Sichuan,44,2020/1/26,0,44
Sichuan,69,2020/1/27,0,69
Sichuan,90,2020/1/28,0,90
Sichuan,107,2020/1/29,1,108
Sichuan,141,2020/1/30,1,142
Sichuan,176,2020/1/31,1,177
Sichuan,204,2020/2/1,3,207
Sichuan,220,2020/2/2,11,231
Sichuan,240,2020/2/3,14,254
Sichuan,268,2020/2/4,14,282
Sichuan,277,2020/2/5,24,301
Sichuan,290,2020/2/6,31,321
Sichuan,302,2020/2/7,42,344
Sichuan,304,2020/2/8,60,364
Sichuan,315,2020/2/9,71,386
Sichuan,325,2020/2/10,80,405
Sichuan,332,2020/2/11,85,417
Sichuan,344,2020/2/12,92,436
Sichuan,347,2020/2/13,104,451
Sichuan,349,2020/2/14,114,463
Sichuan,351,2020/2/15,119,470
Sichuan,350,2020/2/16,131,481
Sichuan,339,2020/2/17,156,495
Sichuan,339,2020/2/18,169,508
Sichuan,326,2020/2/19,188,514
Sichuan,303,2020/2/20,217,520
Sichuan,294,2020/2/21,231,525
Sichuan,276,2020/2/22,250,526
Sichuan,265,2020/2/23,261,526
Sichuan,251,2020/2/24,276,527
Sichuan,240,2020/2/25,289,529
Sichuan,224,2020/2/26,307,531
Sichuan,213,2020/2/27,321,534
Sichuan,200,2020/2/28,338,538
Sichuan,187,2020/2/29,351,538
Sichuan,173,2020/3/1,365,538
Sichuan,152,2020/3/2,386,538
Sichuan,144,2020/3/3,394,538
Sichuan,132,2020/3/4,406,538
Sichuan,114,2020/3/5,425,539
Sichuan,97,2020/3/6,442,539
Sichuan,85,2020/3/7,454,539
Sichuan,75,2020/3/8,464,539
Sichuan,73,2020/3/9,466,539
Sichuan,61,2020/3/10,478,539
Sichuan,51,2020/3/11,488,539
Sichuan,41,2020/3/12,498,539
Sichuan,36,2020/3/13,503,539
Sichuan,28,2020/3/14,511,539
Sichuan,23,2020/3/15,516,539
Sichuan,23,2020/3/16,516,539
Sichuan,20,2020/3/17,520,540
Sichuan,15,2020/3/18,525,540
Sichuan,4,2020/3/19,536,540
Sichuan,5,2020/3/20,536,541
Sichuan,6,2020/3/21,536,542
Sichuan,7,2020/3/22,536,543
Sichuan,7,2020/3/23,536,543
Sichuan,9,2020/3/24,536,545
Sichuan,11,2020/3/25,536,547
Sichuan,11,2020/3/26,536,547
Sichuan,12,2020/3/27,536,548
Sichuan,12,2020/3/28,536,548
Sichuan,14,2020/3/29,536,550
Sichuan,14,2020/3/30,536,550
Sichuan,14,2020/3/31,536,550
Sichuan,15,2020/4/1,537,552
Sichuan,17,2020/4/2,537,554
Sichuan,18,2020/4/3,537,555
Sichuan,19,2020/4/4,538,557
Sichuan,19,2020/4/5,539,558
Sichuan,19,2020/4/6,540,559
Sichuan,19,2020/4/7,541,560
Sichuan,19,2020/4/8,541,560
Sichuan,19,2020/4/9,541,560
Sichuan,14,2020/4/10,546,560
Sichuan,13,2020/4/11,547,560
Sichuan,13,2020/4/12,547,560
Sichuan,12,2020/4/13,548,560
Sichuan,12,2020/4/14,548,560
Sichuan,10,2020/4/15,550,560
Sichuan,8,2020/4/16,552,560
Sichuan,8,2020/4/17,552,560
Sichuan,8,2020/4/18,553,561
Sichuan,7,2020/4/19,554,561
Sichuan,7,2020/4/20,554,561
Sichuan,7,2020/4/21,554,561
Tianjin,4,2020/1/22,0,4
Tianjin,4,2020/1/23,0,4
Tianjin,8,2020/1/24,0,8
Tianjin,10,2020/1/25,0,10
Tianjin,14,2020/1/26,0,14
Tianjin,23,2020/1/27,0,23
Tianjin,24,2020/1/28,0,24
Tianjin,27,2020/1/29,0,27
Tianjin,31,2020/1/30,0,31
Tianjin,32,2020/1/31,0,32
Tianjin,41,2020/2/1,0,41
Tianjin,47,2020/2/2,1,48
Tianjin,59,2020/2/3,1,60
Tianjin,65,2020/2/4,2,67
Tianjin,67,2020/2/5,2,69
Tianjin,77,2020/2/6,2,79
Tianjin,79,2020/2/7,2,81
Tianjin,84,2020/2/8,4,88
Tianjin,87,2020/2/9,4,91
Tianjin,87,2020/2/10,8,95
Tianjin,96,2020/2/11,10,106
Tianjin,101,2020/2/12,11,112
Tianjin,98,2020/2/13,21,119
Tianjin,89,2020/2/14,31,120
Tianjin,85,2020/2/15,37,122
Tianjin,79,2020/2/16,45,124
Tianjin,79,2020/2/17,46,125
Tianjin,80,2020/2/18,48,128
Tianjin,76,2020/2/19,54,130
Tianjin,72,2020/2/20,59,131
Tianjin,70,2020/2/21,62,132
Tianjin,70,2020/2/22,65,135
Tianjin,54,2020/2/23,81,135
Tianjin,48,2020/2/24,87,135
Tianjin,44,2020/2/25,91,135
Tianjin,39,2020/2/26,96,135
Tianjin,34,2020/2/27,102,136
Tianjin,34,2020/2/28,102,136
Tianjin,27,2020/2/29,109,136
Tianjin,25,2020/3/1,111,136
Tianjin,25,2020/3/2,111,136
Tianjin,12,2020/3/3,124,136
Tianjin,12,2020/3/4,124,136
Tianjin,8,2020/3/5,128,136
Tianjin,8,2020/3/6,128,136
Tianjin,8,2020/3/7,128,136
Tianjin,8,2020/3/8,128,136
Tianjin,6,2020/3/9,130,136
Tianjin,5,2020/3/10,131,136
Tianjin,5,2020/3/11,131,136
Tianjin,4,2020/3/12,132,136
Tianjin,4,2020/3/13,132,136
Tianjin,4,2020/3/14,132,136
Tianjin,3,2020/3/15,133,136
Tianjin,3,2020/3/16,133,136
Tianjin,3,2020/3/17,133,136
Tianjin,3,2020/3/18,133,136
Tianjin,4,2020/3/19,133,137
Tianjin,4,2020/3/20,133,137
Tianjin,4,2020/3/21,133,137
Tianjin,4,2020/3/22,133,137
Tianjin,8,2020/3/23,133,141
Tianjin,12,2020/3/24,133,145
Tianjin,12,2020/3/25,133,145
Tianjin,18,2020/3/26,133,151
Tianjin,22,2020/3/27,133,155
Tianjin,28,2020/3/28,133,161
Tianjin,33,2020/3/29,133,166
Tianjin,41,2020/3/30,133,174
Tianjin,39,2020/3/31,135,174
Tianjin,41,2020/4/1,135,176
Tianjin,41,2020/4/2,135,176
Tianjin,40,2020/4/3,140,180
Tianjin,36,2020/4/4,144,180
Tianjin,36,2020/4/5,144,180
Tianjin,36,2020/4/6,144,180
Tianjin,29,2020/4/7,151,180
Tianjin,28,2020/4/8,152,180
Tianjin,30,2020/4/9,152,182
Tianjin,25,2020/4/10,158,183
Tianjin,22,2020/4/11,161,183
Tianjin,22,2020/4/12,161,183
Tianjin,20,2020/4/13,164,184
Tianjin,17,2020/4/14,168,185
Tianjin,14,2020/4/15,171,185
Tianjin,14,2020/4/16,172,186
Tianjin,16,2020/4/17,173,189
Tianjin,16,2020/4/18,173,189
Tianjin,15,2020/4/19,174,189
Tianjin,15,2020/4/20,174,189
Tianjin,13,2020/4/21,176,189
Tibet,0,2020/1/22,0,0
Tibet,0,2020/1/23,0,0
Tibet,0,2020/1/24,0,0
Tibet,0,2020/1/25,0,0
Tibet,0,2020/1/26,0,0
Tibet,0,2020/1/27,0,0
Tibet,0,2020/1/28,0,0
Tibet,0,2020/1/29,0,0
Tibet,1,2020/1/30,0,1
Tibet,1,2020/1/31,0,1
Tibet,1,2020/2/1,0,1
Tibet,1,2020/2/2,0,1
Tibet,1,2020/2/3,0,1
Tibet,1,2020/2/4,0,1
Tibet,1,2020/2/5,0,1
Tibet,1,2020/2/6,0,1
Tibet,1,2020/2/7,0,1
Tibet,1,2020/2/8,0,1
Tibet,1,2020/2/9,0,1
Tibet,1,2020/2/10,0,1
Tibet,1,2020/2/11,0,1
Tibet,0,2020/2/12,1,1
Tibet,0,2020/2/13,1,1
Tibet,0,2020/2/14,1,1
Tibet,0,2020/2/15,1,1
Tibet,0,2020/2/16,1,1
Tibet,0,2020/2/17,1,1
Tibet,0,2020/2/18,1,1
Tibet,0,2020/2/19,1,1
Tibet,0,2020/2/20,1,1
Tibet,0,2020/2/21,1,1
Tibet,0,2020/2/22,1,1
Tibet,0,2020/2/23,1,1
Tibet,0,2020/2/24,1,1
Tibet,0,2020/2/25,1,1
Tibet,0,2020/2/26,1,1
Tibet,0,2020/2/27,1,1
Tibet,0,2020/2/28,1,1
Tibet,0,2020/2/29,1,1
Tibet,0,2020/3/1,1,1
Tibet,0,2020/3/2,1,1
Tibet,0,2020/3/3,1,1
Tibet,0,2020/3/4,1,1
Tibet,0,2020/3/5,1,1
Tibet,0,2020/3/6,1,1
Tibet,0,2020/3/7,1,1
Tibet,0,2020/3/8,1,1
Tibet,0,2020/3/9,1,1
Tibet,0,2020/3/10,1,1
Tibet,0,2020/3/11,1,1
Tibet,0,2020/3/12,1,1
Tibet,0,2020/3/13,1,1
Tibet,0,2020/3/14,1,1
Tibet,0,2020/3/15,1,1
Tibet,0,2020/3/16,1,1
Tibet,0,2020/3/17,1,1
Tibet,0,2020/3/18,1,1
Tibet,0,2020/3/19,1,1
Tibet,0,2020/3/20,1,1
Tibet,0,2020/3/21,1,1
Tibet,0,2020/3/22,1,1
Tibet,0,2020/3/23,1,1
Tibet,0,2020/3/24,1,1
Tibet,0,2020/3/25,1,1
Tibet,0,2020/3/26,1,1
Tibet,0,2020/3/27,1,1
Tibet,0,2020/3/28,1,1
Tibet,0,2020/3/29,1,1
Tibet,0,2020/3/30,1,1
Tibet,0,2020/3/31,1,1
Tibet,0,2020/4/1,1,1
Tibet,0,2020/4/2,1,1
Tibet,0,2020/4/3,1,1
Tibet,0,2020/4/4,1,1
Tibet,0,2020/4/5,1,1
Tibet,0,2020/4/6,1,1
Tibet,0,2020/4/7,1,1
Tibet,0,2020/4/8,1,1
Tibet,0,2020/4/9,1,1
Tibet,0,2020/4/10,1,1
Tibet,0,2020/4/11,1,1
Tibet,0,2020/4/12,1,1
Tibet,0,2020/4/13,1,1
Tibet,0,2020/4/14,1,1
Tibet,0,2020/4/15,1,1
Tibet,0,2020/4/16,1,1
Tibet,0,2020/4/17,1,1
Tibet,0,2020/4/18,1,1
Tibet,0,2020/4/19,1,1
Tibet,0,2020/4/20,1,1
Tibet,0,2020/4/21,1,1
Xinjiang,0,2020/1/22,0,0
Xinjiang,2,2020/1/23,0,2
Xinjiang,2,2020/1/24,0,2
Xinjiang,3,2020/1/25,0,3
Xinjiang,4,2020/1/26,0,4
Xinjiang,5,2020/1/27,0,5
Xinjiang,10,2020/1/28,0,10
Xinjiang,13,2020/1/29,0,13
Xinjiang,14,2020/1/30,0,14
Xinjiang,17,2020/1/31,0,17
Xinjiang,18,2020/2/1,0,18
Xinjiang,21,2020/2/2,0,21
Xinjiang,24,2020/2/3,0,24
Xinjiang,29,2020/2/4,0,29
Xinjiang,32,2020/2/5,0,32
Xinjiang,36,2020/2/6,0,36
Xinjiang,39,2020/2/7,0,39
Xinjiang,42,2020/2/8,0,42
Xinjiang,45,2020/2/9,0,45
Xinjiang,49,2020/2/10,0,49
Xinjiang,52,2020/2/11,3,55
Xinjiang,56,2020/2/12,3,59
Xinjiang,57,2020/2/13,6,63
Xinjiang,59,2020/2/14,6,65
Xinjiang,60,2020/2/15,10,70
Xinjiang,59,2020/2/16,12,71
Xinjiang,63,2020/2/17,12,75
Xinjiang,64,2020/2/18,12,76
Xinjiang,56,2020/2/19,20,76
Xinjiang,54,2020/2/20,22,76
Xinjiang,52,2020/2/21,24,76
Xinjiang,51,2020/2/22,25,76
Xinjiang,48,2020/2/23,28,76
Xinjiang,46,2020/2/24,30,76
Xinjiang,46,2020/2/25,30,76
Xinjiang,42,2020/2/26,34,76
Xinjiang,33,2020/2/27,43,76
Xinjiang,24,2020/2/28,52,76
Xinjiang,14,2020/2/29,62,76
Xinjiang,12,2020/3/1,64,76
Xinjiang,10,2020/3/2,66,76
Xinjiang,8,2020/3/3,68,76
Xinjiang,7,2020/3/4,69,76
Xinjiang,6,2020/3/5,70,76
Xinjiang,5,2020/3/6,71,76
Xinjiang,4,2020/3/7,72,76
Xinjiang,3,2020/3/8,73,76
Xinjiang,3,2020/3/9,73,76
Xinjiang,3,2020/3/10,73,76
Xinjiang,3,2020/3/11,73,76
Xinjiang,3,2020/3/12,73,76
Xinjiang,3,2020/3/13,73,76
Xinjiang,3,2020/3/14,73,76
Xinjiang,3,2020/3/15,73,76
Xinjiang,3,2020/3/16,73,76
Xinjiang,3,2020/3/17,73,76
Xinjiang,3,2020/3/18,73,76
Xinjiang,3,2020/3/19,73,76
Xinjiang,3,2020/3/20,73,76
Xinjiang,3,2020/3/21,73,76
Xinjiang,3,2020/3/22,73,76
Xinjiang,3,2020/3/23,73,76
Xinjiang,3,2020/3/24,73,76
Xinjiang,3,2020/3/25,73,76
Xinjiang,3,2020/3/26,73,76
Xinjiang,3,2020/3/27,73,76
Xinjiang,3,2020/3/28,73,76
Xinjiang,3,2020/3/29,73,76
Xinjiang,3,2020/3/30,73,76
Xinjiang,3,2020/3/31,73,76
Xinjiang,3,2020/4/1,73,76
Xinjiang,3,2020/4/2,73,76
Xinjiang,3,2020/4/3,73,76
Xinjiang,3,2020/4/4,73,76
Xinjiang,3,2020/4/5,73,76
Xinjiang,3,2020/4/6,73,76
Xinjiang,3,2020/4/7,73,76
Xinjiang,3,2020/4/8,73,76
Xinjiang,3,2020/4/9,73,76
Xinjiang,3,2020/4/10,73,76
Xinjiang,3,2020/4/11,73,76
Xinjiang,3,2020/4/12,73,76
Xinjiang,3,2020/4/13,73,76
Xinjiang,3,2020/4/14,73,76
Xinjiang,3,2020/4/15,73,76
Xinjiang,3,2020/4/16,73,76
Xinjiang,3,2020/4/17,73,76
Xinjiang,3,2020/4/18,73,76
Xinjiang,3,2020/4/19,73,76
Xinjiang,3,2020/4/20,73,76
Xinjiang,3,2020/4/21,73,76
Yunnan,1,2020/1/22,0,1
Yunnan,2,2020/1/23,0,2
Yunnan,5,2020/1/24,0,5
Yunnan,11,2020/1/25,0,11
Yunnan,16,2020/1/26,0,16
Yunnan,26,2020/1/27,0,26
Yunnan,44,2020/1/28,0,44
Yunnan,55,2020/1/29,0,55
Yunnan,70,2020/1/30,0,70
Yunnan,82,2020/1/31,1,83
Yunnan,91,2020/2/1,2,93
Yunnan,102,2020/2/2,3,105
Yunnan,112,2020/2/3,5,117
Yunnan,117,2020/2/4,5,122
Yunnan,123,2020/2/5,5,128
Yunnan,126,2020/2/6,7,133
Yunnan,126,2020/2/7,12,138
Yunnan,121,2020/2/8,17,138
Yunnan,123,2020/2/9,18,141
Yunnan,130,2020/2/10,19,149
Yunnan,133,2020/2/11,20,153
Yunnan,128,2020/2/12,26,154
Yunnan,129,2020/2/13,27,156
Yunnan,126,2020/2/14,36,162
Yunnan,126,2020/2/15,42,168
Yunnan,129,2020/2/16,42,171
Yunnan,124,2020/2/17,47,171
Yunnan,115,2020/2/18,57,172
Yunnan,112,2020/2/19,60,172
Yunnan,95,2020/2/20,79,174
Yunnan,78,2020/2/21,96,174
Yunnan,67,2020/2/22,107,174
Yunnan,59,2020/2/23,115,174
Yunnan,50,2020/2/24,124,174
Yunnan,45,2020/2/25,129,174
Yunnan,30,2020/2/26,144,174
Yunnan,24,2020/2/27,150,174
Yunnan,18,2020/2/28,156,174
Yunnan,17,2020/2/29,157,174
Yunnan,11,2020/3/1,163,174
Yunnan,6,2020/3/2,168,174
Yunnan,5,2020/3/3,169,174
Yunnan,5,2020/3/4,169,174
Yunnan,5,2020/3/5,169,174
Yunnan,4,2020/3/6,170,174
Yunnan,4,2020/3/7,170,174
Yunnan,4,2020/3/8,170,174
Yunnan,4,2020/3/9,170,174
Yunnan,4,2020/3/10,170,174
Yunnan,4,2020/3/11,170,174
Yunnan,4,2020/3/12,170,174
Yunnan,4,2020/3/13,170,174
Yunnan,2,2020/3/14,172,174
Yunnan,2,2020/3/15,172,174
Yunnan,4,2020/3/16,172,176
Yunnan,4,2020/3/17,172,176
Yunnan,4,2020/3/18,172,176
Yunnan,4,2020/3/19,172,176
Yunnan,4,2020/3/20,172,176
Yunnan,4,2020/3/21,172,176
Yunnan,4,2020/3/22,172,176
Yunnan,4,2020/3/23,172,176
Yunnan,4,2020/3/24,172,176
Yunnan,4,2020/3/25,172,176
Yunnan,6,2020/3/26,172,178
Yunnan,8,2020/3/27,172,180
Yunnan,8,2020/3/28,172,180
Yunnan,8,2020/3/29,172,180
Yunnan,8,2020/3/30,172,180
Yunnan,10,2020/3/31,172,182
Yunnan,10,2020/4/1,172,182
Yunnan,11,2020/4/2,172,183
Yunnan,12,2020/4/3,172,184
Yunnan,12,2020/4/4,172,184
Yunnan,12,2020/4/5,172,184
Yunnan,12,2020/4/6,172,184
Yunnan,11,2020/4/7,173,184
Yunnan,11,2020/4/8,173,184
Yunnan,11,2020/4/9,173,184
Yunnan,11,2020/4/10,173,184
Yunnan,10,2020/4/11,174,184
Yunnan,10,2020/4/12,174,184
Yunnan,10,2020/4/13,174,184
Yunnan,9,2020/4/14,175,184
Yunnan,8,2020/4/15,176,184
Yunnan,8,2020/4/16,176,184
Yunnan,7,2020/4/17,177,184
Yunnan,7,2020/4/18,177,184
Yunnan,6,2020/4/19,178,184
Yunnan,6,2020/4/20,178,184
Yunnan,6,2020/4/21,178,184
Zhejiang,10,2020/1/22,0,10
Zhejiang,27,2020/1/23,0,27
Zhejiang,42,2020/1/24,1,43
Zhejiang,61,2020/1/25,1,62
Zhejiang,103,2020/1/26,1,104
Zhejiang,127,2020/1/27,1,128
Zhejiang,170,2020/1/28,3,173
Zhejiang,293,2020/1/29,3,296
Zhejiang,424,2020/1/30,4,428
Zhejiang,524,2020/1/31,14,538
Zhejiang,578,2020/2/1,21,599
Zhejiang,629,2020/2/2,32,661
Zhejiang,681,2020/2/3,43,724
Zhejiang,767,2020/2/4,62,829
Zhejiang,817,2020/2/5,78,895
Zhejiang,860,2020/2/6,94,954
Zhejiang,883,2020/2/7,123,1006
Zhejiang,873,2020/2/8,175,1048
Zhejiang,874,2020/2/9,201,1075
Zhejiang,850,2020/2/10,242,1092
Zhejiang,847,2020/2/11,270,1117
Zhejiang,810,2020/2/12,321,1131
Zhejiang,785,2020/2/13,360,1145
Zhejiang,752,2020/2/14,403,1155
Zhejiang,734,2020/2/15,428,1162
Zhejiang,711,2020/2/16,456,1167
Zhejiang,664,2020/2/17,507,1171
Zhejiang,637,2020/2/18,535,1172
Zhejiang,570,2020/2/19,604,1174
Zhejiang,542,2020/2/20,633,1175
Zhejiang,524,2020/2/21,679,1203
Zhejiang,486,2020/2/22,719,1205
Zhejiang,445,2020/2/23,760,1205
Zhejiang,423,2020/2/24,782,1205
Zhejiang,397,2020/2/25,808,1205
Zhejiang,338,2020/2/26,867,1205
Zhejiang,273,2020/2/27,932,1205
Zhejiang,230,2020/2/28,975,1205
Zhejiang,189,2020/2/29,1016,1205
Zhejiang,159,2020/3/1,1046,1205
Zhejiang,137,2020/3/2,1069,1206
Zhejiang,120,2020/3/3,1093,1213
Zhejiang,99,2020/3/4,1114,1213
Zhejiang,91,2020/3/5,1124,1215
Zhejiang,68,2020/3/6,1147,1215
Zhejiang,61,2020/3/7,1154,1215
Zhejiang,54,2020/3/8,1161,1215
Zhejiang,39,2020/3/9,1176,1215
Zhejiang,24,2020/3/10,1191,1215
Zhejiang,20,2020/3/11,1195,1215
Zhejiang,18,2020/3/12,1197,1215
Zhejiang,18,2020/3/13,1197,1215
Zhejiang,16,2020/3/14,1211,1227
Zhejiang,20,2020/3/15,1211,1231
Zhejiang,15,2020/3/16,1216,1231
Zhejiang,16,2020/3/17,1216,1232
Zhejiang,16,2020/3/18,1216,1232
Zhejiang,16,2020/3/19,1217,1233
Zhejiang,15,2020/3/20,1219,1234
Zhejiang,17,2020/3/21,1219,1236
Zhejiang,19,2020/3/22,1219,1238
Zhejiang,17,2020/3/23,1221,1238
Zhejiang,19,2020/3/24,1221,1240
Zhejiang,20,2020/3/25,1221,1241
Zhejiang,21,2020/3/26,1222,1243
Zhejiang,25,2020/3/27,1222,1247
Zhejiang,26,2020/3/28,1225,1251
Zhejiang,29,2020/3/29,1225,1254
Zhejiang,30,2020/3/30,1225,1255
Zhejiang,31,2020/3/31,1226,1257
Zhejiang,31,2020/4/1,1226,1257
Zhejiang,30,2020/4/2,1228,1258
Zhejiang,32,2020/4/3,1228,1260
Zhejiang,33,2020/4/4,1229,1262
Zhejiang,33,2020/4/5,1230,1263
Zhejiang,34,2020/4/6,1230,1264
Zhejiang,35,2020/4/7,1230,1265
Zhejiang,34,2020/4/8,1232,1266
Zhejiang,32,2020/4/9,1235,1267
Zhejiang,32,2020/4/10,1235,1267
Zhejiang,31,2020/4/11,1236,1267
Zhejiang,29,2020/4/12,1238,1267
Zhejiang,28,2020/4/13,1239,1267
Zhejiang,25,2020/4/14,1242,1267
Zhejiang,24,2020/4/15,1244,1268
Zhejiang,24,2020/4/16,1244,1268
Zhejiang,22,2020/4/17,1246,1268
Zhejiang,22,2020/4/18,1246,1268
Zhejiang,21,2020/4/19,1247,1268
Zhejiang,19,2020/4/20,1249,1268
Zhejiang,17,2020/4/21,1251,1268
Taiwan,1,2020/1/22,0,1
Taiwan,1,2020/1/23,0,1
Taiwan,3,2020/1/24,0,3
Taiwan,3,2020/1/25,0,3
Taiwan,4,2020/1/26,0,4
Taiwan,5,2020/1/27,0,5
Taiwan,8,2020/1/28,0,8
Taiwan,8,2020/1/29,0,8
Taiwan,9,2020/1/30,0,9
Taiwan,10,2020/1/31,0,10
Taiwan,10,2020/2/1,0,10
Taiwan,10,2020/2/2,0,10
Taiwan,10,2020/2/3,0,10
Taiwan,11,2020/2/4,0,11
Taiwan,11,2020/2/5,0,11
Taiwan,15,2020/2/6,1,16
Taiwan,15,2020/2/7,1,16
Taiwan,16,2020/2/8,1,17
Taiwan,17,2020/2/9,1,18
Taiwan,17,2020/2/10,1,18
Taiwan,17,2020/2/11,1,18
Taiwan,17,2020/2/12,1,18
Taiwan,17,2020/2/13,1,18
Taiwan,16,2020/2/14,2,18
Taiwan,16,2020/2/15,2,18
Taiwan,18,2020/2/16,2,20
Taiwan,20,2020/2/17,2,22
Taiwan,20,2020/2/18,2,22
Taiwan,21,2020/2/19,2,23
Taiwan,22,2020/2/20,2,24
Taiwan,24,2020/2/21,2,26
Taiwan,24,2020/2/22,2,26
Taiwan,26,2020/2/23,2,28
Taiwan,25,2020/2/24,5,30
Taiwan,26,2020/2/25,5,31
Taiwan,27,2020/2/26,5,32
Taiwan,27,2020/2/27,5,32
Taiwan,28,2020/2/28,6,34
Taiwan,30,2020/2/29,9,39
Taiwan,31,2020/3/1,9,40
Taiwan,29,2020/3/2,12,41
Taiwan,30,2020/3/3,12,42
Taiwan,30,2020/3/4,12,42
Taiwan,32,2020/3/5,12,44
Taiwan,33,2020/3/6,12,45
Taiwan,33,2020/3/7,12,45
Taiwan,32,2020/3/8,13,45
Taiwan,30,2020/3/9,15,45
Taiwan,30,2020/3/10,17,47
Taiwan,31,2020/3/11,17,48
Taiwan,29,2020/3/12,20,49
Taiwan,30,2020/3/13,20,50
Taiwan,33,2020/3/14,20,53
Taiwan,39,2020/3/15,20,59
Taiwan,47,2020/3/16,20,67
Taiwan,55,2020/3/17,22,77
Taiwan,78,2020/3/18,22,100
Taiwan,82,2020/3/19,26,108
Taiwan,109,2020/3/20,26,135
Taiwan,125,2020/3/21,28,153
Taiwan,141,2020/3/22,28,169
Taiwan,167,2020/3/23,28,195
Taiwan,186,2020/3/24,29,215
Taiwan,206,2020/3/25,29,235
Taiwan,223,2020/3/26,29,252
Taiwan,238,2020/3/27,29,267
Taiwan,253,2020/3/28,30,283
Taiwan,268,2020/3/29,30,298
Taiwan,267,2020/3/30,39,306
Taiwan,283,2020/3/31,39,322
Taiwan,290,2020/4/1,39,329
Taiwan,294,2020/4/2,45,339
Taiwan,298,2020/4/3,50,348
Taiwan,305,2020/4/4,50,355
Taiwan,313,2020/4/5,50,363
Taiwan,316,2020/4/6,57,373
Taiwan,319,2020/4/7,57,376
Taiwan,318,2020/4/8,61,379
Taiwan,313,2020/4/9,67,380
Taiwan,291,2020/4/10,91,382
Taiwan,286,2020/4/11,99,385
Taiwan,279,2020/4/12,109,388
Taiwan,284,2020/4/13,109,393
Taiwan,269,2020/4/14,124,393
Taiwan,271,2020/4/15,124,395
Taiwan,240,2020/4/16,155,395
Taiwan,229,2020/4/17,166,395
Taiwan,220,2020/4/18,178,398
Taiwan,231,2020/4/19,189,420
Taiwan,219,2020/4/20,203,422
Taiwan,208,2020/4/21,217,425
